-0.593383	0.2877323
1.2064589	7.7516591
-0.789224	1.3406361
2.0417092	4.33961
-0.059688	0.3834249
-0.674642	0.843186
0.6734309	7.3970382
1.1366225	6.8178735
0.2271628	7.2405982
0.3327151	6.6342761
0.1955291	7.3764465
-0.331777	0.8958293
0.2254066	0.3723619
-0.495253	1.0073464
-0.817054	0.441571
0.882926	7.5386139
0.6263787	3.6698366
-0.210957	7.2581495
0.3670324	7.6143368
-0.052559	6.8164084
0.4724995	4.701805
-0.457079	0.4330753
0.6261557	4.1437694
1.7607828	3.8697579
-0.076463	1.0001987
1.6137709	3.5518805
1.85541	4.6200005
-0.046642	6.8611022
1.8828682	3.4586298
-0.812486	1.2321052
0.5648156	7.068357
-0.660278	0.596947
-0.952657	0.8809074
1.9059442	4.4412993
0.5006475	4.885571
1.3677967	3.8061986
1.4659186	3.6670261
0.9056841	7.6944526
-0.444719	0.713831
-0.507586	-0.135688
1.0501742	7.5451593
-0.944048	0.8654672
1.9960682	3.8464242
0.8048889	7.3186487
-0.095432	6.7027465
2.1934501	4.1039352
-0.344796	7.2694097
-0.466711	7.4477455
0.1972382	7.5566415
-0.620703	7.7975021
-0.182684	0.51934
0.7695889	4.5675526
-0.147195	1.5414077
2.6479849	4.2434274
-0.717956	0.3271192
1.7858238	3.6967713
0.859718	7.4917087
0.3741823	4.6887782
-0.239577	0.2899363
-0.103464	0.583055
1.3036673	6.9036363
0.2543449	7.2005228
1.2498843	3.396916
-0.398433	7.4663473
0.9995531	3.6755872
0.5075211	3.6397571
-0.584618	1.1704843
-0.299267	7.579163
-0.268262	7.1338943
-0.162891	1.2644919
1.6131802	3.4917111
-0.67529	0.8575665
0.0995303	1.037481
1.5953233	7.0772492
-0.45811	1.0720266
-0.522548	0.846592
-0.670568	0.2707095
-0.687528	7.132929
1.4050164	6.6973045
0.5434511	7.1413789
-0.228087	0.6333682
2.026687	3.2311351
-0.976007	1.0596488
0.9212629	7.3927597
2.0011411	4.0095657
0.488033	6.6422145
1.6792699	6.8292807
-0.009451	0.3148591
-0.468382	7.3574964
0.2820389	3.7128787
1.1104757	6.6913699
1.7931373	7.7029684
2.1666398	4.7929995
-0.323656	0.3299078
-0.324384	0.9205101
-0.194074	0.7177715
-1.406043	1.2560987
-0.469826	7.1229236
1.0709141	3.949418
0.2548488	6.9727149
-0.669537	0.7681233
1.6903562	3.7092429
-0.369037	0.4946158
-0.183302	1.3952994
-0.600227	0.2421342
0.1405169	0.3648322
1.1301784	7.3562261
2.0574193	4.4239191
0.8706193	4.4149423
1.0488232	6.9879317
1.5242315	7.3368011
0.5842064	3.8712429
0.4659815	7.5957076
-0.650014	0.4346534
0.2455677	7.2463197
2.002955	4.2536835
1.4467409	3.5970629
-0.592571	0.8873876
1.5262759	3.6721207
-0.395897	0.8219221
0.447591	7.527819
1.0947992	3.2484832
1.0411788	6.8577803
0.1137141	6.9026942
1.2720608	7.1265847
2.1226628	4.1594803
1.1657388	7.6632427
-0.801466	1.1550534
-1.198571	0.2995844
-0.499598	1.0191248
0.6176534	7.8379716
-0.221566	7.5739488
1.4747428	4.1402111
-0.252295	0.5493024
0.0621807	7.0418646
0.1929916	6.9290251
0.8718871	6.8469834
0.8654433	4.4377183
0.6161519	7.4612283
1.3393644	3.7694182
-0.4828	1.4649476
-0.5821	6.925948
0.1486834	6.5054586
0.1298967	7.2764498
0.3252064	7.2775862
0.4015282	7.3550353
1.7557654	4.3486191
-0.290452	6.436126
0.366134	6.7455224
-0.911861	0.2643605
1.0392435	7.3471812
-0.333545	0.997571
-0.214627	6.9231768
2.0479521	3.8441687
1.5551984	3.180218
0.4986251	7.2097056
2.1845934	4.2886712
-0.558151	1.1028125
-0.486325	0.547674
1.4574077	4.2216946
-1.169279	0.1617392
-1.284904	0.3286341
-0.706342	0.159387
-0.844381	0.7483609
-0.541601	0.9347831
2.464315	4.0488614
0.8768537	7.2320591
-0.806192	1.4023676
1.7224984	3.5781405
1.2284218	4.2596537
1.9897089	3.8624577
-0.608142	0.2031787
2.4375323	4.3943665
2.026988	3.6239192
-0.914354	1.2618869
0.0323338	0.0519101
0.6516622	7.3274579
1.1309172	7.7316218
1.2672629	7.6102523
1.1238177	4.0132563
-0.748947	1.0947262
0.4907718	7.4528298
0.7604064	3.2073829
-0.361506	1.0558757
1.3325444	7.184857
-0.198827	0.8625369
0.5334982	6.6051174
-0.440948	1.0265298
-0.628328	0.6795429
-1.033484	0.8462296
1.0892471	3.3428114
0.4982555	4.2466068
-0.760824	1.2623841
1.426441	7.311976
-0.630699	6.7345853
1.0676369	3.3676094
0.8496605	6.8269849
0.1599784	0.1088428
-1.296795	0.443935
0.6652099	7.1030275
-0.133925	0.3713843
2.6354901	3.9814915
-1.376049	1.0799043
0.1484836	7.3078325
1.2823908	7.0147794
-0.256892	0.7173593
1.0567903	6.5103214
0.7662425	6.8426489
0.3526257	6.8712707
1.4855893	6.7213025
0.954882	7.4864139
1.3527701	6.9515068
2.728359	4.0004265
0.9669008	6.9842624
0.1749118	7.3781346
-1.078187	0.8828189
-1.103879	0.2788911
0.4452152	7.5712299
-0.112014	1.5043334
1.8340916	3.9684288
-0.692816	-0.014889
1.5314235	4.5102425
1.5015681	7.3010017
-0.533172	1.5132031
-0.78169	1.1436015
0.7887883	4.908541
1.4621816	4.2568223
1.3016941	4.2194329
0.2653988	-0.093752
0.7752823	3.9591258
-0.920637	0.5315198
0.3301913	7.8597921
-0.418009	-0.169156
0.1431146	7.2891329
1.5512249	3.3677102
0.7203904	7.0644667
1.0208746	3.9200523
-0.017887	1.3990163
1.5658946	3.3944256
1.6211132	4.1336668
0.1697335	1.3678664
1.8036482	3.4553989
0.210289	1.3353739
-0.078693	0.1251877
1.2834011	7.361507
0.9438475	7.2039497
0.7037036	7.2605872
-0.582705	1.0829388
-0.181931	7.3561381
0.7326587	6.7927232
-0.115716	7.6512343
2.0001628	5.0440916
1.4521556	4.0369941
-0.454373	0.7813296
0.2186918	6.68359
1.3330133	4.4401945
2.1133357	4.5911594
-0.215362	0.4049776
-0.645577	0.4201678
1.5706414	4.7578729
0.1756715	7.1975375
-0.368909	1.4122145
-0.214387	0.7145192
-0.547734	0.9381009
1.5577236	6.700585
0.3171609	7.0042154
1.5888771	4.3639761
2.0800424	4.5685131
0.902607	4.3444914
0.3270725	0.7292881
1.5496245	7.7377694
0.899105	6.9138812
-0.686209	0.5770484
0.1445199	7.2818902
-0.251736	1.0924951
-0.721312	1.3370099
0.0863667	6.6980594
-0.857542	1.123734
-1.257029	0.6890751
-0.579354	0.2263832
-0.208884	7.9263639
1.1005603	3.2220433
1.9784837	3.9058222
-1.212386	0.8796226
0.2140195	7.1872478
-0.261596	1.2449373
1.5911551	3.6844626
0.195908	6.729104
-0.545487	1.456472
-1.050157	1.1905869
-0.776857	7.2779798
0.3198418	4.3913592
1.0188057	3.5773316
1.6217364	3.962654
-0.724758	0.8968802
2.7082371	4.028807
1.3050441	7.4767413
0.1970184	0.6518821
0.208497	3.5496048
0.2631564	7.5814695
1.9186119	3.636885
0.5535902	7.2143427
0.4794833	7.3394441
-0.89857	0.4728436
-0.115168	6.864631
-0.581425	1.2006513
1.0804144	3.973759
-0.548525	0.9191819
0.7589204	3.4678735
1.6386466	4.2569781
-0.692389	0.8307214
1.7098787	3.7363327
-0.755143	0.6246429
0.0056626	7.4949593
2.0299433	4.2778759
-0.582382	1.0041271
0.4060611	3.5613711
-0.378702	7.6282425
1.4761119	4.2760078
0.3127109	6.7834334
-0.705481	0.8128003
-0.264052	7.752154
-0.706408	0.83621
-0.04728	0.9651718
0.0344412	7.6449284
-0.335941	1.037018
-0.059556	0.5439108
1.7940821	4.5754863
1.5688689	6.4555558
1.3582556	6.6821945
2.1489641	3.2655177
-0.982837	0.7757264
0.2624543	7.0574969
-0.947041	1.523888
-0.793786	-0.216953
-0.379768	7.9353554
1.5042023	3.1636888
0.5953437	7.6037604
2.0425977	3.866171
1.9309273	3.9197751
0.8015528	3.3477773
1.1214545	4.041902
0.975236	7.1343452
0.7666534	4.1467206
-0.336327	6.7776266
1.0066559	6.8477645
-0.964322	1.277579
1.5783134	4.4179295
-0.124127	0.2175399
0.8987978	7.2023051
-1.057083	0.5483039
0.6028395	7.1432503
0.7113753	7.284696
1.3377463	4.634486
-0.857231	0.2524447
1.0491569	7.2003422
-0.243226	7.0168099
-1.21652	0.8045823
-0.701571	0.4984062
-0.237161	0.7008207
0.2935141	7.8115337
0.9636385	4.1975185
0.0628736	6.9053453
-0.484129	0.8058667
-1.071996	1.421294
0.6246645	7.2064818
0.8777578	6.8759797
-0.411965	0.6741672
-1.07177	0.1777222
0.8164015	3.8671016
0.1120272	7.3120137
-1.112527	0.9759874
0.9721026	3.6088585
0.6746328	3.8846131
1.4717455	4.5719021
0.0011642	6.6536102
-0.217217	0.9861456
1.3859297	7.1075908
0.0501861	6.825128
0.4459488	7.8085255
-0.641357	0.4612727
-0.317372	7.210082
1.7799023	4.1522376
-0.003582	7.7800658
0.6130311	7.7199612
0.7006963	4.4274209
1.20023	4.411992
1.6215147	4.421573
1.0780417	4.2103026
-0.563637	1.4595535
1.3276284	4.3768636
1.8107897	3.4434666
0.4624946	7.0603724
1.008592	4.9865384
-0.263144	0.791376
0.3795199	6.9387781
-0.171117	0.6411132
0.5783845	7.0873654
0.9563329	4.1520701
0.8487186	3.6432178
1.0932493	3.4023709
0.5897672	7.6402474
0.6554457	6.9742097
-0.246468	0.0824407
-1.390455	0.1527885
2.0472642	3.800148
0.048003	1.1124391
-1.005447	0.3660302
-0.031456	0.6676364
1.3491123	3.6989129
0.3161347	0.6296577
0.7872342	6.8922043
-0.05137	6.6703959
1.8013823	4.2241165
0.5543558	7.5785595
-0.064011	0.9832279
0.9005422	3.2792598
0.9297017	3.3458783
-0.267435	0.2962731
-0.110784	7.7450694
0.7271358	6.9168732
0.7515982	6.6506261
0.1381099	7.2342067
0.64853	7.6745443
1.2258685	3.2001533
0.7021222	6.8457253
1.0971196	4.3722249
2.1341074	3.5949972
1.81854	4.5327432
-1.165916	1.001254
1.9466655	4.3624238
-0.971933	1.658135
1.109867	4.2865384
-0.358206	1.1020757
0.8069134	4.4237673
-0.185542	0.8707965
1.9693607	3.5238563
0.3530901	4.7226295
1.693363	4.6489391
-0.607764	0.9655068
2.0117964	3.1836131
-0.643458	0.7268402
0.0237127	1.2824072
-0.632813	1.0681823
-1.42667	0.7933888
1.4433156	7.5036464
-0.123599	0.2742224
0.3195694	7.7708754
-0.452345	0.8102202
0.0162719	7.5955442
0.6058901	6.3360089
1.4973852	3.4243401
1.7015946	4.1801273
0.0135836	7.6137382
-0.049834	7.1649131
1.0666367	7.3461695
0.0845266	0.9235697
1.5246093	3.7715846
-0.116858	0.7392597
1.3931157	3.4071309
1.7787097	3.8034881
1.0787927	6.7329219
0.7524262	4.3604351
1.0570368	7.3803301
1.4400557	3.3879202
2.4223342	4.4694074
2.4576642	3.4682211
0.5260617	4.004142
-0.947019	0.4808133
-0.316944	7.1456055
0.7877118	6.8903901
1.3290306	4.257626
1.5740658	4.3173746
1.4367868	3.1146138
2.1119643	4.4346402
2.0008935	4.1819096
-0.191425	7.6994667
1.2507603	3.2721714
1.0643084	6.6944557
0.4010655	4.2697097
2.0864723	4.6679842
-0.115601	0.6382186
0.6449736	7.1089369
-0.681663	0.8023802
-0.696981	7.5666414
-0.16315	0.2079015
0.4664483	7.1189936
2.1026343	3.6650223
-0.772419	0.2671216
0.1297703	6.6446266
-0.474437	-0.155211
-0.383668	1.1167085
1.2529851	6.7330716
0.392336	3.9051827
0.4694921	6.7775301
1.9624334	3.7447157
1.4218582	3.8144447
1.946672	3.1851686
0.5413053	6.92865
-0.697431	0.6975138
0.1164719	0.9758792
-0.421534	1.3293334
1.5080299	7.3235039
0.9092872	6.8382386
-1.068977	0.6984521
0.7643179	6.9607876
-0.019496	1.2911766
0.191728	7.7491661
1.6070531	4.127048
1.0441753	7.1792003
-0.476751	0.4209393
0.4055341	7.6674251
-0.490643	1.0883298
0.6177485	6.8082851
0.7188605	3.2187812
0.4684589	7.5259356
-0.690697	1.3285991
0.4822366	3.4859991
1.7570254	3.9692912
-0.742918	0.2540953
-1.138929	0.7038794
-0.719621	1.0484029
-0.717475	0.3994546
0.3657772	7.5492357
-1.073973	-0.001446
0.382091	6.4807762
0.7797164	7.3526156
0.7992438	6.9920905
-0.420285	0.9764041
2.4090916	3.8040561
-0.429401	0.1358573
-1.127543	0.1045869
-0.253059	0.3173441
1.9080905	4.0003417
0.8072662	7.3905938
1.4718898	3.4259054
0.4309371	7.7086125
-0.395518	1.2363669
0.5670471	4.1297536
-0.412588	1.5998078
-0.959976	0.695879
0.5103966	4.9841332
1.0721742	6.9919005
-0.769545	0.4667438
0.1459227	0.1062053
1.1154978	4.3553595
-0.081203	6.852006
-0.666638	0.8628393
1.528839	4.1237286
0.444051	3.6380468
1.4236939	4.6097919
0.7850909	6.8724475
0.9575748	7.4557351
-0.43772	0.6316232
0.4436511	4.3325019
0.7974179	4.1444452
-0.578182	0.5362061
0.4508117	6.9248502
0.4340212	3.6049169
-0.71609	0.5842232
0.072404	0.9269375
-1.1759	0.2237489
-0.770606	0.2058948
-0.871576	0.6917497
0.7725324	7.4102292
1.1401089	4.8992574
-0.5061	1.1952851
2.1362041	4.3879244
-0.379385	1.2540806
-0.191028	7.3636324
1.0193498	7.2306475
-0.404764	1.2269137
0.1612879	7.0100793
-0.204875	1.2195324
0.6644747	4.1897514
-0.282533	1.0752047
0.4676762	3.7999285
2.3841781	4.1893337
-0.023832	0.380196
0.9842878	7.50584
2.2022474	3.5110378
1.087659	6.7775658
0.3045648	7.4286803
1.5634251	7.180714
0.8868515	7.0495323
0.8225492	3.9507024
-0.936104	0.9203196
0.9371185	4.8215266
0.6097128	7.9670783
0.9725396	4.4710866
-0.707172	-0.003593
2.1348923	4.582488
0.2002127	7.2389897
-0.750903	1.0029013
0.6168023	7.195756
0.9816585	3.6965051
0.0535061	1.3388946
1.5472783	3.8001998
-0.721074	0.2117088
0.6548634	6.7375371
0.1437279	7.2128262
1.4013416	4.5865778
0.9814935	4.3505958
-0.713339	0.9252771
0.5206569	4.0304179
0.8795248	3.5734923
-0.41165	1.3841313
0.6909415	7.2984089
1.8901282	3.3828225
0.6347869	8.0010003
-0.465581	1.1397161
-0.65223	0.7546539
0.2977816	4.1006554
1.0019772	6.7413063
0.3877571	4.3762254
-0.819096	1.4333388
-0.655198	7.1506179
1.5676121	3.4418738
1.7544983	6.9479248
-0.451141	7.1352979
0.1307253	0.6188043
1.6625278	4.2850491
0.099594	6.6544369
0.4152692	4.1232446
1.3373488	7.3203941
-0.368501	0.3663893
-0.507775	0.169365
-1.144937	0.2928396
0.4381245	7.683294
1.0887858	3.2322175
1.5832703	6.82809
-0.707408	0.4933345
0.6157059	6.5994077
1.2083367	6.6427345
0.7242469	7.1290885
-0.319835	6.4232353
-0.51977	1.4788721
1.4383623	3.461782
0.1838448	7.8546617
2.2444123	4.7045434
1.7940578	3.4412393
0.9686411	4.0625684
-0.454504	1.1700379
0.4228866	4.3302991
1.3719591	7.8010758
-0.714958	0.9510961
1.3548641	3.9695972
-0.49857	1.1553286
0.7587205	7.7828267
1.5475163	7.948356
-0.375858	1.1727014
0.973487	4.1807628
0.3760126	3.5039332
-0.76702	0.20248
0.4330708	6.8413632
-0.482391	0.1980083
-0.474373	0.9042578
1.275376	7.8294519
1.2656679	7.1283504
1.4416174	3.8446381
2.0423908	4.625036
0.3118746	1.2337922
-0.364332	0.6951533
0.5968221	3.7961243
0.4463507	7.5860316
1.5291166	3.3402729
-0.185309	1.0643408
0.5244489	4.0789167
0.8344943	7.3209072
1.2538346	4.0752283
1.4756645	4.1405126
1.1910853	7.0391293
1.8714418	3.6901247
-0.667186	0.6845726
1.2117701	4.4824271
-1.041754	-0.022371
2.0036031	4.4649602
1.5604319	3.7759558
1.0384508	7.3092724
1.2960686	4.1457674
-0.13666	7.6309291
0.4933053	7.4570908
0.5494073	7.6138885
0.0200427	6.9040824
1.1371242	3.653888
-0.402486	7.8648899
-0.348769	0.6197995
1.8500534	7.9069541
0.7148229	7.2158261
0.6031406	7.2763291
0.7638672	6.5284009
-0.651403	0.93191
0.679012	7.4497498
0.619536	7.2163308
0.8232592	7.3896163
0.2442323	6.9000788
1.827489	7.1666246
-0.518336	1.1137969
-0.046607	0.9423905
-0.547678	0.3767113
1.6192054	4.1630551
0.3438392	7.6178471
1.3323172	4.2916401
-0.460128	0.2804498
2.4635018	3.9845058
-0.684035	0.709064
-0.211114	0.2779707
1.9363317	3.711115
0.2091209	6.4836266
-0.918773	-0.105782
0.9438812	6.9576606
0.0809027	7.9667705
1.1497165	7.5310072
-0.464034	0.7369445
0.9460421	4.1406849
1.8867835	3.3906215
1.0602702	4.3427771
0.8633129	4.2472342
1.9029371	4.4196797
-0.368035	0.8060108
0.6825102	7.6441944
1.3225326	7.246543
0.4295277	6.7828898
1.9606849	3.7318812
1.3902205	3.6810828
1.0870557	6.8180108
1.9029871	4.3614321
1.4603827	7.483686
1.0932671	4.9211615
0.2180899	7.0404233
1.4728396	4.5135135
0.4390123	7.2451839
0.9047199	3.7454305
1.3897193	6.9447239
-1.082763	-0.058019
1.2860867	3.5354405
1.4946237	6.6191301
1.4887772	4.6480976
-0.317295	0.3285768
1.7217914	4.0284603
1.0093901	6.7025393
0.7194093	7.4903939
1.7582814	7.987892
-0.146767	1.6629952
-0.520794	1.1261658
-0.200154	0.9347908
0.8118438	7.203855
-1.13642	0.981228
0.2085336	7.3105556
0.8102689	6.95009
-0.445154	6.9664942
0.373932	7.1968798
1.9884102	3.6001986
-0.975772	0.6389266
-0.12353	1.2070364
0.8758845	3.5349099
1.928828	3.358261
0.8730567	7.4389143
-0.740199	0.7021633
1.5514269	4.0408022
0.9006153	3.5046732
1.7111071	7.6773704
0.6030374	6.8010064
-0.096978	0.9468974
2.0242638	3.8927642
1.3133592	3.836473
0.1711729	6.8594824
1.6619618	3.6767417
1.3357669	4.2953228
-1.004174	1.1283445
1.2688607	4.4995657
-0.566889	1.2769385
0.3161982	7.128145
2.0652509	4.5170118
1.182326	7.1827598
1.2346286	3.4744894
0.1577472	7.3393282
-0.951298	1.2934629
2.7020454	4.254927
0.1049908	7.0736702
0.5854456	4.6828764
0.2867809	0.5434689
-0.027989	0.0720029
0.5383828	3.5294035
1.0352144	3.7627436
-0.4103	0.0022896
0.7213954	7.2664536
1.7196718	4.7751374
0.799282	3.3157205
-0.589096	0.3341664
0.2647179	7.3447655
2.0105167	4.0471949
-0.079475	7.2690577
0.4370268	6.9275894
1.3758187	6.8480464
2.0666804	3.9797628
-0.842145	0.4407094
1.0363691	3.8664853
1.0938056	7.4863522
1.3340415	4.4131139
1.1738126	4.2589334
-1.048288	0.7771594
0.2266931	7.3574303
-0.373332	0.5493926
-0.766146	0.4350881
0.8431167	7.1798459
0.7481485	7.7612599
1.0961347	4.0554881
0.132068	0.1549863
1.2883404	3.4388249
-0.480701	0.4162802
1.9020303	3.4368071
-0.346668	0.4105294
1.279231	7.3201115
0.131505	0.6748601
-0.52855	0.4065048
1.0013281	3.6055277
1.4218202	3.9490071
-0.07827	7.0094805
-0.561196	0.6250569
1.0691519	3.9421875
0.4166176	7.4642812
-0.403363	0.7062618
-0.408131	7.653324
1.4749958	4.0530656
-0.703351	0.3268393
0.6951442	3.375074
0.5904805	7.367882
2.3587884	3.3865968
1.4503721	4.1483332
0.3593727	7.2133724
0.4211014	3.9930587
-0.572852	0.5024349
-0.870342	1.6719753
-0.093371	7.1448568
2.5402518	4.5928339
0.4528102	6.9172278
0.8851066	4.7160652
-0.133253	0.8398281
-0.172144	7.5174319
2.3494254	4.2333242
0.2880302	7.4153293
-0.479894	0.4572302
-0.235681	0.8084233
2.5119099	3.4553343
0.6582846	7.0926444
0.4105407	7.4176953
1.1631119	3.5205096
0.1072794	6.4715847
1.3592752	7.4743249
1.124626	3.2474212
-0.096849	0.7000954
-0.370942	0.4136937
1.5938396	3.7245273
-0.74684	1.2677459
0.6085984	7.3498974
-0.861958	0.4474262
0.7159447	7.3230225
-0.918698	0.6920766
1.1781685	7.0843778
-0.139748	0.8678387
1.3498088	3.7463454
0.2692885	7.340341
1.1676138	6.8226523
0.0051703	7.057696
-0.472649	0.957955
1.5359827	4.0331432
0.8090966	6.4324792
-0.27564	-0.019241
1.4514383	4.225535
-0.403526	0.7426961
2.3221738	4.6914797
2.3129885	3.2211238
1.3687339	7.4361349
1.4887064	3.9286368
1.3732127	7.2568148
1.9095913	3.140887
1.5454685	7.6577965
1.215735	4.3223537
1.3833758	3.3093498
-0.389821	1.3414287
0.9031526	4.3870817
0.4745061	6.7194429
1.9055872	3.5564837
-0.681574	6.7876941
0.5199287	7.085685
-0.731527	7.2343279
-0.753938	0.7072954
0.0502448	0.7087668
1.5043511	3.5668006
-0.042794	0.727056
-0.911077	1.0430448
1.5128522	3.7965971
1.7108759	7.0838623
0.4294358	6.6215324
-0.004551	7.0953072
2.1294194	4.2396465
1.2020148	3.9376341
0.4952049	7.2296974
1.9363689	3.0508989
0.082399	0.4824668
0.3210243	3.2754256
1.4625289	3.0539685
-0.131655	0.9660426
0.4010536	6.837787
2.2558592	4.0600782
1.1408704	7.0906981
-0.50236	0.7881564
0.8868802	6.599957
-0.94434	0.5809216
1.4137343	3.651833
0.2802557	7.2972855
0.8551664	6.4071762
0.6686713	7.0855622
-0.100643	0.8110359
2.4058747	3.4696526
-0.958228	0.7634985
1.9007656	3.5029594
2.4159061	4.8339287
1.8049737	3.9570104
0.7950289	7.4379473
0.5289152	7.1720131
0.615189	4.6112832
0.26239	7.127645
-0.148576	0.8034151
-0.35792	0.6655617
0.3058281	6.9953203
-0.086805	1.1301368
0.1627051	7.2737865
-0.172062	7.2917399
-0.936934	0.7038722
0.8899034	6.5326296
2.6052736	3.8973211
-0.303954	0.714247
0.702918	3.5080099
0.9040858	6.8193358
1.590827	3.5738682
1.2685286	3.8868774
1.5043828	6.9087458
0.2061277	7.1313214
0.5784405	3.331983
0.0930528	0.8946118
1.0683794	4.1294462
-0.383311	0.4999915
1.9031506	3.8426186
-0.767305	0.5969704
1.186227	4.5072318
-0.358294	0.5276322
0.1284386	0.8683299
-0.599771	1.1084068
0.9557303	4.3200063
0.2076214	7.4177308
-0.583266	0.5947583
-1.029257	1.2026058
2.512679	3.7426637
-0.386486	0.720892
0.967531	7.5418717
0.0511491	7.2005803
1.3112197	3.6187322
-0.650751	1.304069
0.5949001	7.2679217
1.6228815	3.8413921
-0.669673	6.7712494
-0.050112	0.9555751
2.5130117	3.832753
-1.056129	0.4471161
0.355767	4.0845582
1.2854052	7.0077998
-0.513846	0.6286865
-0.24285	0.7219662
0.6159913	6.6480344
-0.406683	1.027685
2.0783228	3.4174098
0.9967051	6.6455003
0.2322659	0.6555016
1.7564999	3.8160576
0.9035645	4.3177351
0.3366614	0.4724009
-0.425201	0.6903351
2.0292672	4.2821202
-0.669806	6.8622765
1.5407784	3.8616039
-0.679192	1.5206652
2.3314909	3.7532768
2.1061012	3.9538274
-1.08267	0.7621028
0.9878415	6.5680315
2.0280179	3.9972051
2.5110711	3.1290136
-0.185693	1.2694944
-0.123793	0.5358088
1.2324956	4.3768163
-0.019247	6.9295572
0.2656563	7.0091998
1.5552774	3.9282383
1.3406664	3.3728575
1.5318017	7.0288526
1.9868806	4.4195903
-0.057642	7.2212195
1.6780055	4.1224003
1.2779815	3.575365
-0.115257	0.7062833
2.2889624	3.9533622
0.8487985	7.420978
0.6058076	7.731472
1.1037779	7.3952993
-1.000668	0.8578702
-0.14163	7.3303447
0.2059129	-0.286935
-0.88943	0.8345981
1.1040642	7.4667009
-0.696188	0.1736757
0.8326372	6.968502
0.5557954	6.9747467
-0.254497	0.7540922
1.2057506	3.8261683
0.8552641	7.1215726
-0.671246	0.5248688
-0.584302	0.7379896
1.7729651	4.0754351
0.0103699	7.1195721
-0.199388	7.6353497
-0.578592	6.6531487
1.4726046	3.7651659
0.1449696	7.21843
0.7891293	7.6319345
-0.628353	0.4228474
-0.216309	1.1254155
-0.885194	1.0493033
0.9851505	6.8783099
1.1126316	4.0912719
1.7419665	3.291233
0.8093466	7.7601461
0.5287464	6.9910655
0.360462	7.3434584
-0.198281	6.9394749
-0.338766	6.9157558
-0.231692	7.1113808
2.5056086	4.5047375
-0.424819	1.1229274
0.4115437	7.5930794
-0.854634	0.9112058
0.8315487	7.5577745
0.8810399	6.9078448
-0.276944	0.883165
1.97576	4.6741583
1.1352008	3.8003407
0.4027938	7.3076853
1.9610631	4.3334903
-1.30486	1.1240205
0.3127029	3.8147784
0.2250694	7.9296451
-0.396213	1.0226953
0.6078871	6.9284382
0.9661123	7.4234787
0.7779168	7.5844881
0.6420026	7.2062511
1.0935606	6.7405283
1.1136196	3.4698854
-0.509147	1.2473922
1.0679085	4.9491396
-1.371486	0.1892702
-0.640096	0.685479
-0.298355	7.7176989
1.9200028	4.4837165
2.2976341	4.6465738
0.6581138	7.1419007
1.1844584	3.6288046
-0.379743	7.3577624
0.4853732	6.8726955
1.2204112	4.0627156
1.7677113	2.9955028
-0.027303	1.5965422
1.4456743	6.8132487
0.2752676	7.8042239
0.8404536	3.6034347
-1.168282	0.0825238
0.9927381	3.4168354