-1.1618665	-0.469026
3.586051599	-1.116071
4.197706951	2.6617928
5.173148921	5.554274
-0.867110354	-0.05761
3.66252836	3.1571256
5.572747382	6.2273831
1.290828403	5.3515881
5.488921119	-1.780017
1.876215857	4.8714942
-1.827684948	0.2673253
4.946932238	2.2215372
6.220099465	3.5570827
5.467112873	6.6365021
4.914963366	-1.030427
4.066616101	7.5541293
4.953406078	2.4302958
4.935674952	-1.355111
4.745772416	-1.235455
5.05518134	0.3536663
4.14549853	2.6976003
5.773769456	3.4823977
4.701418876	-0.965339
3.940348779	2.9201826
6.435600367	7.0179103
4.622207731	-1.275626
4.558599643	-1.032417
-1.407899012	-0.629707
4.420624261	3.8243054
-0.324716367	0.1390286
-0.452444044	-0.381462
4.362452197	-1.095776
-1.043489885	-0.15604
1.000087757	4.5384701
-0.563887757	-0.217573
4.948796447	0.1122458
5.474148191	3.4607565
1.078053124	4.5975241
-0.523051909	0.7489489
4.464134817	0.0904599
5.928914468	6.4031379
4.004083375	-1.201923
6.109278145	6.6348767
4.269156862	3.4022125
-0.698703812	-0.288983
5.116396529	-0.835385
-1.333828093	0.1388349
5.332982464	6.1305449
1.301461071	4.0262886
-1.2376895	0.5649858
1.177449296	4.9982609
5.794346912	-1.147726
4.090408701	2.5463272
-0.482510893	-0.571274
5.261130358	7.0747982
4.543711104	0.367597
1.508361355	4.9902341
4.49852193	-1.020612
4.701768602	-0.134906
-1.01069269	0.2302245
1.743803944	4.2489145
5.86422128	6.4446826
-1.103680816	-0.441692
4.879919162	3.1915812
5.252153253	5.3700843
1.890420802	3.8652327
4.855775477	2.0437123
-0.735021325	0.7889522
4.65447907	6.3901273
4.268880587	3.7932339
-1.341497215	0.7171015
1.793065281	4.8055789
4.268637684	-1.179224
5.575898712	2.4660563
4.636776587	3.1431747
5.623644716	4.1934311
6.235362901	6.563333
3.39715022	-0.525059
4.986609122	0.0769997
5.243375575	6.9417578
-0.422133796	-0.77748
5.116868904	3.6680762
4.886010466	6.1115515
4.78341037	3.2530683
0.921897306	3.5120831
5.762204489	2.5667604
5.126000486	-0.088618
0.798697075	4.5208461
1.711000368	4.6720383
-0.835754826	-0.593926
-1.814905764	0.0162619
4.458472644	2.950217
4.457189374	-1.170881
0.253533994	4.5722269
1.486431892	4.6346467
5.004400059	5.2632597
1.18460905	4.1592616
4.275924931	4.1678874
5.785822287	7.4737003
-2.181752582	-0.957577
4.572051157	1.8280859
4.76838077	-1.400012
4.898824281	-0.743548
1.184677528	4.8646541
4.519232408	3.6491812
-0.463510372	-0.62337
-1.226495577	-0.203316
-0.989674146	0.4324808
5.024666234	5.7384241
4.714610019	3.2976015
4.974221482	3.1324472
-1.866272828	0.1525669
0.970043476	3.3723551
4.950906236	6.5745778
4.842819517	2.9905376
1.929697975	4.2873391
5.62708269	6.2246331
6.559754293	6.9545906
6.28276055	7.4262587
2.130162528	4.5373281
-1.557872321	0.0892307
3.90586283	2.4707893
4.588471349	-0.697272
-2.176454574	-0.483241
1.091193642	4.5523014
5.139820008	2.7426055
-1.19736695	-0.049193
-1.696833222	-0.072311
-1.042131101	-0.531779
5.712455626	6.1718552
4.632830171	-0.792674
5.102860161	-1.370972
-1.092636564	-0.425543
0.504416861	5.0286601
1.183814076	4.9407303
-1.144196827	-0.413051
4.352568156	2.1304112
-0.902918791	-0.919988
-0.761109713	0.8375174
0.517901536	3.8275727
5.292402535	3.4016623
-0.811621792	-0.322629
-0.112462084	-0.001517
5.369976537	6.3669505
-1.219834125	-0.114224
-1.057386239	-0.404988
-0.0128406106	4.7756138
5.371635294	5.8937786
3.91926351	2.9713166
5.612080516	7.1328568
5.606307542	7.1732976
4.759808226	2.7829691
4.034116103	-0.10221
5.142491481	-0.825741
5.975057587	3.101298
-0.776799763	-0.487993
6.050616017	7.3148512
0.989089324	3.6949293
4.994686207	3.7868254
5.847222195	6.6876743
5.124157695	6.3145053
1.051939361	4.2384265
1.125112642	4.5897459
4.631815554	2.5482353
-0.992165042	0.74753
4.995250908	3.4060006
4.196687973	6.2927704
5.049903019	2.8695492
5.781522291	7.3211255
0.945354101	4.3164564
-1.509583573	-0.304502
1.712171534	3.9805158
1.122676574	3.7487836
0.763225497	4.179685
4.950300702	2.5524496
-0.332114571	0.5184318
0.658953791	4.4442815
-0.989755053	-0.168384
5.214348197	3.038891
5.940813043	6.6432813
0.914740675	4.1343364
4.838907294	7.5470927
4.200457432	2.6351494
4.79912698	-0.550726
-0.396140338	-0.505925
4.792654264	3.1044373
4.945630408	3.5952512
-1.306141945	-0.746862
-0.827486995	0.7171133
4.343064128	-1.169516
0.278530239	0.3888333
4.707969153	5.9706038
5.551835122	5.95458
0.82058364	4.5416173
-1.406131006	0.2753837
-1.688102379	0.2330925
-1.69736059	0.9005426
1.61259315	4.5348255
5.217923189	3.0463412
4.551048971	-0.544459
6.299577917	6.3739011
5.875144676	2.8707653
-1.236081329	0.5577272
5.060470992	-1.331929
4.93629013	3.1087955
5.856068849	6.637924
5.277382774	-0.945267
0.0563706054	3.2479145
1.217549016	4.2383482
0.355182086	4.3247188
0.545813499	3.6871164
4.461871991	-0.705556
-0.585019512	-0.094793
5.182915347	7.2137728
2.007826737	5.2943352
4.541775531	6.259546
5.460826369	5.9270046
3.802812752	-2.049231
4.993741046	6.843092
4.998290852	0.1816562
6.216087143	6.7849225
4.250435887	2.768211
0.622234646	5.0155805
4.098202983	-1.816489
4.101384519	-0.281723
4.804977439	-0.646653
5.41351409	6.5128856
4.399665177	7.0691392
5.771545885	6.5895441
5.118284457	-0.578655
5.079077787	2.7921714
4.256400774	-0.140157
4.424984375	0.124529
-1.430123546	-0.384342
-0.628861182	0.3424705
5.406939786	6.8019826
1.952412503	4.1079412
-1.406713313	0.4325259
0.839773156	4.131916
-0.86487125	-0.800017
4.247919683	3.0149611
3.945820731	3.0775956
1.86054574	3.8297308
1.660921739	4.4676872
4.925885198	-0.946824
5.142832354	3.4447542
5.713235677	-1.119376
5.517363339	-1.447015
4.990994196	-1.003725
6.66918499	6.2291626
4.789002264	-2.128485
4.504606951	-1.539037
5.854124294	2.1937007
4.707625586	6.6184888
3.920579027	-0.447487
4.921108204	-0.786514
5.114779227	6.6541023
0.540394281	4.212463
5.026457419	-1.082856
1.088077286	4.1772116
4.95531084	3.5890981
0.97974032	3.4944392
-2.134753044	0.5552262
4.71324887	-0.376909
3.498140696	0.2615689
1.554068462	4.3136388
5.580682086	6.0093747
5.24335815	2.8454199
1.091495518	4.2642929
0.86656118	4.2844467
6.571746844	6.980481
4.697555327	-0.77004
-0.798856187	-0.658314
3.854689067	3.8649609
6.048198535	2.9739667
-0.455414448	-0.27295
4.558204738	3.8745688
1.068174623	4.9045503
-1.328549303	-0.355105
0.239660429	4.0122587
0.465105676	4.5436379
-1.206789711	0.1837868
1.151653268	4.3396265
0.759493275	4.3600228
5.640791311	6.5300641
6.735153703	7.3307114
4.58325335	-0.877197
0.883981713	4.6664436
4.282005904	-0.548433
-0.711700775	0.4525493
2.043357436	3.8525589
5.496830994	2.8207075
-0.50145642	-0.288512
-1.740819842	-0.672358
4.539813226	-1.097632
5.318669837	6.5919687
-1.390000541	-0.520063
0.0666756665	0.0433856
5.270910334	-1.604907
0.707712624	3.504168
4.05212483	6.9059115
1.341390149	3.7560591
0.0271196534	5.1273658
5.077990067	-1.017924
1.037835426	3.8838369
-2.243545445	0.0930675
-0.832765113	-0.784332
4.4506474	2.5411676
6.04980191	6.3569219
4.503163808	-0.316178
4.526548987	3.3567813
1.900032086	4.108579
5.743498707	5.7486278
6.068797372	-0.098425
1.056622538	3.6027164
4.387944843	3.3873528
5.300295011	6.1147707
-1.148170958	0.9540187
4.896887835	3.3061957
5.56337364	5.8486256
-1.116370991	0.1645906
-1.125833761	-1.032375
0.61446531	4.9766889
5.948342081	5.9138436
4.40233154	3.3639121
6.210420188	6.1041701
-1.222865957	0.2422727
5.011312267	2.8466128
5.594134591	5.4975371
5.506358983	-1.220022
4.372883408	-0.852126
5.700984773	3.4424502
5.312514905	2.8072569
4.745958952	-1.299647
-0.643828394	-0.436976
5.805975899	3.23929
-0.901610234	-0.123119
5.114300779	7.2473904
3.933230078	-1.204997
0.931905806	4.8712168
1.077898308	4.5556619
-0.298746248	-0.083725
1.311377308	3.7872357
4.883059166	3.0320199
4.348803524	0.3407571
5.470845781	0.3269967
-0.633769223	-0.573349
5.870500106	3.1501478
4.158885999	3.0105192
0.592569499	4.2833099
1.227159081	3.9597538
5.749551453	6.2724606
1.471188869	4.213071
5.329656727	6.7756186
5.532046182	2.2436256
0.669196644	5.3377164
3.743315148	2.866039
4.037892964	-0.356641
6.026344235	2.8803753
5.741181094	6.7198739
-0.653152838	-0.089478
1.797585179	4.0734782
5.560177449	2.9760781
1.669436104	4.2892402
-2.161357328	-0.886022
-0.813476194	-0.4291
5.30237836	3.7098082
3.923766263	-0.037666
4.808424978	-1.168453
4.873555045	3.7684314
-0.373962191	0.261387
4.314383865	2.7251171
-0.927020325	-0.142114
1.494681388	4.1759122
0.543719018	4.6194112
5.2542128	7.5305963
-0.341850029	-0.281833
-0.569096612	-0.158326
5.773740656	2.9065525
5.009257061	5.4877815
5.790161917	7.6708674
5.310091708	3.4246122
3.260658795	-1.662552
3.984369753	2.8854409
4.61900412	-0.724798
-0.0281109212	-0.517403
4.459539188	3.8643904
-1.011350623	0.63158
5.784286102	7.1837824
6.192655953	3.1346353
-2.127227462	-0.385171
4.81780804	6.7488881
1.222014115	4.9791587
3.914250644	0.1439076
0.740838098	4.7128103
-0.159679135	-0.275909
0.536188791	4.429344
1.244498826	3.4698543
6.179256883	6.1644591
5.555659668	3.8453445
4.189317873	3.4622893
4.456782288	3.7632877
-0.0529350289	0.6470914
4.358531063	3.5355603
1.073369026	4.6533021
4.362055802	2.1108524
5.049947732	6.5151327
4.854414916	0.1979248
4.391921926	6.3455796
4.266677591	2.3085302
4.021702528	-0.946323
3.880677995	-1.698987
-1.260481007	-0.281999
-1.109341438	-0.588216
-0.0362663997	0.2147851
1.032536802	3.9686407
-1.247341274	0.4051979
5.459221678	-1.86255
-1.826359502	0.4611671
0.460688502	4.1539886
4.889210102	-0.429196
4.682627028	-0.736266
6.064007613	6.2846973
-0.701732931	-0.078116
5.655442955	7.2545219
-0.783618307	0.0716496
4.13892433	3.9330843
1.781364989	4.8816878
2.289543343	4.4503324
4.990256596	7.2395481
-1.212966985	-0.010382
-0.351582855	-0.433311
4.829434427	4.0306862
5.060498928	3.4473571
4.735875221	2.8062873
4.175730383	3.4593466
5.574497636	1.8934371
-1.620013683	0.4754818
4.538845301	7.3839716
3.804007962	3.8895362
3.84509602	-1.060898
4.379873323	-1.387994
1.013752998	4.1654827
-1.405386404	-0.102407
4.558257604	3.1910995
5.346049233	-1.280886
4.204981726	3.0970273
4.163455535	4.2875691
4.858815964	6.8846344
4.893783163	6.784761
4.088718677	-0.789979
3.664092638	-0.479441
1.320505741	3.528533
1.662243737	3.9288758
4.10870288	-1.11331
4.845282594	-1.403721
4.50400056	5.73921
5.121617732	0.0406965
4.395635836	2.5991494
1.789339989	4.3266785
4.96634741	2.8375531
0.525802414	5.3232159
4.259331684	3.2586183
4.496395024	2.0662826
-1.705636606	0.851956
5.904560413	6.5795181
4.17663272	2.732195
4.989381064	2.6974457
0.753953546	4.1958454
6.231536932	6.8620726
0.926373999	4.221314
4.693530452	2.6916352
3.504252591	-1.456997
1.707143515	4.7384976
0.697066269	4.9533248
4.680089911	3.0543436
4.851984694	-0.267239
4.533635439	-0.838135
-1.440493716	0.4332471
5.656410061	6.0299708
0.763791454	4.5159597
0.962036282	4.5228626
1.098732246	4.5865202
1.798868601	3.4685802
4.778708472	2.8358614
1.306779585	3.8358015
-0.846203727	0.0675658
1.13970361	3.425989
5.71626745	6.285552
5.919532161	6.9122746
4.973105434	7.1617387
-0.872818348	-0.003607
0.633438098	4.2666241
6.505122521	6.6568503
5.225439154	3.061245
-0.0623055858	0.1326107
-1.945529449	-0.298889
1.170448456	4.749229
6.385507434	6.3646595
-1.855529956	0.8752374
5.174643061	6.6750715
-1.200465825	0.1062843
4.954144289	6.8429463
-0.995152091	0.81303
6.021091023	1.9616716
-0.656902329	-0.635012
-0.335545221	0.6113228
6.276854137	6.3905374
3.971192329	2.9802283
4.359012327	2.6101785
1.247009064	4.3666071
4.961867627	0.0802473
-1.338790492	0.2272819
5.625266356	7.6138872
4.704729497	3.8215153
1.106164249	4.6436591
1.368822981	3.9453897
5.889014544	6.1618402
4.619167605	-0.809056
-0.599291108	0.3361787
5.109148442	4.1046314
-1.005877018	0.3371476
1.345269592	3.9807254
4.613418217	-0.122359
0.155134092	-0.080101
5.434350453	6.1200041
3.934757635	-1.12336
4.945527099	0.3433566
4.954683547	2.9674709
3.919481663	-1.296735
4.289359418	0.089747
5.813266741	6.0534542
-0.138001054	-0.912841
-1.282564226	0.038546
4.62574682	2.7971057
-2.203253239	0.5012548
1.416206755	4.1843126
5.786338045	-1.097184
4.822616541	-1.479285
4.174889859	-1.991268
1.863052881	3.9597762
5.230816722	7.3250715
5.342326405	2.59128
-1.750140231	0.5071866
-0.173254472	-0.13581
6.208831253	6.5979977
5.261406659	7.4613175
0.476709426	4.1983724
4.524021596	-0.352694
5.169187123	2.4970063
2.020422544	4.4292983
1.137218619	4.7160863
-1.380000859	-0.574525
-0.719852166	0.619068
1.317236663	4.2424662
5.337321956	6.5259507
5.503874481	-0.805199
4.02525445	-1.89867
4.712461538	3.2270085
0.457083249	4.7306511
1.22439125	4.5170535
4.339491356	-1.353282
1.436788584	4.5199295
-0.0594772538	4.4580164
6.798281216	6.2275638
1.417703169	4.8191452
4.576479804	-1.883712
-2.342086569	0.5257802
5.519605678	2.3039595
1.361027191	4.3755085
-1.747962674	0.4952761
5.245618933	3.1402334
-0.942042718	-1.115612
4.495605518	-1.839819
4.710981418	6.7005789
4.540886854	6.6071452
0.207837306	4.1842902
5.141169844	6.1074606
0.941830387	3.718404
5.253841657	3.1800886
-0.145623359	-0.882348
0.793060687	3.2792083
-2.07622739	-0.315006
4.387764497	-0.720714
3.953265066	-0.103893
-1.11624861	-0.162658
4.640231543	-0.476145
-1.275267274	0.1794467
5.666510242	7.1070398
4.188775752	3.4076111
5.742877093	3.78693
-0.778508183	0.1749982
0.850227863	4.381353
0.367877168	3.5241178
3.877967069	-0.494475
1.242839072	4.1807416
-1.147617905	-0.050037
-1.010280553	0.1023873
0.853908799	3.9976549
-1.365845373	-0.648771
4.879327366	-1.598225
1.290379526	4.1512416
5.656758708	-0.681189
-1.087332656	-0.443154
5.47926648	4.2412459
5.292470351	-0.348401
5.818215375	2.8539679
0.621244056	4.5945616
0.337765082	4.0995133
4.452954049	2.9775174
4.647930177	-1.200263
-0.6806729	-0.133089
2.084609853	3.7627018
4.324768958	6.963017
-1.157758121	0.6363897
5.840104361	6.3063658
4.886355323	3.3638912
4.218653945	-1.204648
0.279347752	5.1310902
3.757734032	-1.487198
-0.535894974	-0.628953
-0.245503022	-0.008172
4.952166062	-0.969751
2.164458934	4.657876
4.782786492	-1.309689
4.946289849	6.7543843
5.473503859	3.7093012
5.076551971	-0.390334
5.301343846	6.4562645
5.029689142	-0.076429
0.303046763	3.9812733
-0.250926792	0.6249222
1.804966234	4.9150286
4.919152891	3.4982825
5.578864377	7.5541875
4.911529197	2.311015
1.161777593	4.4045643
-1.20704308	-0.588637
5.775137582	-1.940954
-0.864907231	-0.276347
5.399635901	3.0184753
4.844216294	6.1791793
4.64943571	0.184209
-1.323663732	0.0269579
4.46332399	6.6788568
5.333868947	3.3439724
3.880409344	-0.574705
5.814794337	2.9429363
5.592281336	6.9907251
4.102168124	3.6006905
5.326435325	3.147083
-1.278594438	-0.38164
6.61800899	7.1071663
-1.224019139	0.6275347
-1.284058468	-0.098712
-1.618861943	-0.502857
1.3012939	4.4614348
0.626594652	3.6929896
-0.688655586	0.3974886
1.232109073	3.9245849
4.414136829	-0.046604
0.88078881	4.4096421
5.061186572	3.6255303
5.078694662	7.5854
0.559677888	4.5304766
-1.079273733	0.4406725
6.159275661	5.8962532
6.016685953	3.4547843
5.045233794	-2.170125
5.267056986	2.9518514
-1.70423609	0.7174588
3.705434962	3.4098912
1.092097976	4.6240022
4.790507396	7.464368
3.792089225	3.2335173
5.190226347	2.8195741
4.50352961	-0.763413
3.749372278	2.1332948
5.265344254	6.6505838
5.110802834	-1.46951
0.638477404	4.0682112
0.832374372	4.4140716
4.184558732	-0.19081
4.089725628	-0.476948
5.467070565	-0.489041
4.207658318	6.2845231
5.473644369	3.2688859
-1.92333018	-0.593834
-0.374149685	-0.339106
4.898222814	5.7589863
4.14363957	3.711363
-1.71294356	0.6235216
6.099873996	6.7928463
5.224296009	2.4946822
4.476668824	6.7604805
4.998829763	6.5483023
-0.631686396	0.2757842
4.234672071	3.6425983
5.136719219	-0.726663
-0.899040958	-0.577318
1.235760497	4.4799785
4.083409559	3.3650327
5.45211681	3.1994064
6.133293137	6.7990915
6.57490886	7.4225899
5.620128369	5.7990498
5.812195647	6.4012586
-1.190693109	0.4891988
-0.956106861	-0.854541
-1.019048097	0.3815367
4.584302811	-2.046449
4.467210565	-0.682483
5.223317811	5.9451446
6.169888621	5.9888165
-1.707650244	0.0911996
3.902033556	-0.517561
-0.924852912	0.3192707
-0.666498884	0.1079724
0.723455612	3.7588787
4.888588063	3.2196858
4.489996555	3.4051808
0.755509504	3.9587359
-0.234807891	0.4664832
0.772680737	3.89172
5.195431187	-1.353327
5.295712201	5.9538191
5.134725178	-1.068393
5.625207807	-0.036474
1.202419712	4.7300155
3.940023588	-0.753688
1.925526498	4.2623799
-1.68063005	0.4097067
4.807066641	3.6480175
6.270421882	6.5261812
4.73943574	3.4529479
4.652194081	-1.271448
5.213878789	-0.058876
-0.657199854	-0.447997
5.375780847	3.7553242
3.948809322	-1.12946
0.418517345	4.2194061
6.136863175	2.9525229
1.084466495	4.5071442
4.410927228	2.6163723
-1.437297647	0.3809823
5.719800467	-1.574375
-1.843661507	-0.050135
0.92385455	5.1805738
4.079325895	-1.658169
1.274183262	4.2997528
0.890244605	3.9485088
4.878049024	3.4897865
-0.0839833027	4.6713913
3.635130243	2.634805
-0.700191582	0.1830592
5.795814262	-0.891508
-1.891060989	0.072138
5.646870192	-1.827459
5.990311529	6.5626043
5.683491065	5.4374705
-0.923210195	-0.502724
1.372692251	4.6255064
5.606988801	6.164059
4.727456969	3.5358811
4.639501333	-1.885701
5.836165926	6.9373071
-0.165666016	-0.036449
1.095631019	4.290212
5.897336828	6.4962758
-0.644387855	-0.281965
-0.571940508	-0.109293
5.515992311	7.2528898
5.357199836	6.4083173
4.051844656	-1.050364
4.894889495	-0.908329
2.058886951	4.8299028
4.691191309	3.4495792
-0.00407295145	3.9972855
-0.912597941	0.2914218
-0.342859122	-0.168874
1.620741832	3.9357829
-1.564611662	-0.347197
5.045950481	6.6698957
-2.096048737	-0.02537
3.811688173	-1.679467
4.748875375	-1.495355
5.407742366	6.5042865
5.467805218	6.1641822
-1.05234557	-0.561632
4.43639819	6.9341747
-0.367245432	0.2179459
5.840657527	3.6812619
-0.339011241	0.0306975
4.616480101	6.3251831
0.205280904	-0.459158
4.42983688	7.2560839
4.107141133	-0.61146
4.998644718	6.0591763
0.760544022	4.1428212
-0.89124956	0.4269932
4.739783748	-0.896673
5.223402319	-0.578648
0.718126549	3.5947817
3.431144828	-0.951559
0.33290618	4.8854087
5.491562469	2.7319249
4.738027031	2.9242126
5.321943303	2.9935092
4.826768589	-1.144446
4.56432006	5.8580829
-0.925579258	0.3268317
5.635680137	3.3171911
-1.501839382	0.1939616
5.145811153	7.2901826
0.235009602	4.2150222
5.550665558	3.9166429
2.306824615	3.7795548
-0.487840785	-0.230082
5.438832232	6.3863174
1.255624053	4.4897683
-0.685853387	0.1231615
-1.059626221	-0.446596
2.273925826	4.1531453
-0.127926039	3.7378423
5.251398539	7.2672997
4.471256215	-0.028198
-1.860347852	0.3857532
0.920112708	4.1111673
-0.560966512	1.0715578
1.724898083	3.3815647
5.899676594	-0.443589
-0.568721456	0.2300106
-0.67211748	-0.138171
-1.133688271	0.2553865
5.35260404	7.5965096
-2.121321232	-0.820853
4.701037847	-0.316272
5.869317116	5.8001115
5.846732261	3.3898791
1.751124549	4.8311069
6.103141488	6.6682702
4.26669928	-1.384202
3.799195702	3.3127812
0.112877172	0.3422907
-1.004349013	0.1437678
5.041251566	-1.691298
4.56274952	5.7028056
3.797554098	-1.473798
4.605449862	3.8211755
5.73390198	-0.621388
5.147565614	5.9236743
0.650373738	4.1400964
0.99594979	5.0801945
5.871168484	2.8314035
-0.698953283	0.3173609
5.146206034	2.8068747
4.78003296	3.3235384
4.88944037	-1.657515
4.147568785	-0.920356
5.796730097	7.2887698
1.056274568	4.7767704
5.609240335	6.6411443
5.016985724	3.1746323
6.091289537	6.7198787
-1.850162349	-0.716197
-1.359647196	0.0299769
6.226641035	6.1170352
4.125776835	-0.993026
5.841092229	7.0413661
4.821422758	3.3739895
0.438541048	4.7007485
-1.051185297	0.8455312
6.225530879	3.1032392
4.83714742	-1.139478
-0.337309185	-0.180151
0.580565024	4.0252463
4.579664984	-0.587217
4.921427472	4.298037
1.477536755	4.2174269
1.701081169	4.4277139
0.936392837	4.2950596
5.173007528	3.3549555
4.754247801	3.1586225
5.948789452	3.2682943
5.843360844	7.1165091
1.252275099	3.4625056
-0.603093165	0.7538259
4.890835913	0.1314941
4.769071925	3.0314839
4.789089624	3.6584154
5.185159985	2.0730968
-1.076159381	0.0424844
5.629155938	7.6233976
-0.642573488	0.8705322
4.141920826	-0.926062
-1.180311074	-0.08345
0.822873253	4.729515
-1.409925833	0.330693
6.102792108	6.9728838
1.710363241	3.7725931
3.688251659	-1.101097
4.584388021	3.1409812
3.826812258	0.4025275
-1.464348163	-0.009908
5.647059757	-0.84479
4.018208003	3.43973
5.84072471	7.0495377
6.441635551	6.8610061
0.921015914	4.6047012
4.906142584	3.9169319
-1.194646349	-0.29577
4.153864125	3.2808795
5.183061454	3.8562138
-1.049380524	0.1187086
0.626087001	4.3923681
4.739748099	3.1991764
4.042051485	-0.674597
4.159886279	3.921399
4.682529649	-1.197106
3.710094658	3.1242109
-1.366314016	-1.041967
-0.10820022	3.4861198
-1.49372197	0.6986532
6.28268485	6.9714714
5.746824515	6.5110905
5.099919167	6.8412581
0.777436786	4.8865484
4.811778363	7.2811678
3.82698186	-1.472802
5.353087971	7.1642363
-0.191420604	-0.692353
-1.59112769	0.1333337
-1.925305594	-0.318761
5.168416529	6.5135565
5.460228861	3.3694462
-0.808949602	0.176616
5.84970755	6.7939305
-1.975772924	0.4649766
5.512250662	2.2466947
5.060438198	2.7337372
4.260022491	2.5474771
1.037990124	4.4004512
4.715013852	3.1541634
5.735413247	7.0386237
5.424255906	3.6005955
5.892516801	6.8640279
4.410874049	3.539277
5.640227414	6.8144393
-0.118091505	-0.784049
5.238472551	2.8841168
4.047864143	-0.665277
1.155628583	4.7301869
-0.207302372	-0.140635
5.354728517	6.4203286
0.951107609	4.6069395
3.967408859	-0.560817
3.566575706	-0.613172
5.706542913	3.4929125
5.23000678	6.5983345
4.312357242	-1.260307
5.59111208	6.8602114
4.506847358	6.9323849
5.175068798	6.6313053
-2.244488391	-0.173389
5.13574196	7.5770405
4.365836439	-1.508602
0.623009416	4.8352828
4.512344694	3.7924871
0.73524827	3.9293345
2.001247281	3.9840115
4.049601046	-1.763913
-0.0550556517	4.4474671
5.495686069	3.2233053
-1.407499249	-0.54883
4.543606467	6.1545568
6.035759741	6.6129283
5.361117623	2.602119
5.365559256	0.1127837
-1.372646336	-0.640468
5.705035845	2.3827323
4.134046128	0.2320993
5.382459462	4.13933
5.653013019	0.0619642
4.19951194	0.4085478
4.949904882	-0.395574
4.822485829	6.5995923
1.393145907	3.6389085
4.481908481	3.0434156
3.552773674	3.720353
-1.354678744	0.6089232
4.830154574	2.9487542
1.472578736	4.471301
5.123620469	5.5741552
-1.311471569	-0.537428
-1.219587049	-0.057756
5.301700339	-1.973444
-2.061835876	-0.111906
4.44009819	-0.78087
0.751474152	4.2625378
5.836331493	6.2068947
5.242734364	3.118164
-1.801706765	1.0417039
4.835639888	-0.76869
4.694469169	6.6767501
1.191398536	4.9297664
1.046706417	5.1708317
5.382906554	6.3394083
3.807318056	-0.897512
4.536983743	2.6598995
5.322688488	2.557364
4.859136438	3.3751821
-2.042010341	-0.653255
6.648557571	6.5206165
6.181538937	5.7782754
-0.500414383	-0.878824
5.285978311	-0.093615
-1.120852508	0.001174
4.847804691	-1.058488
4.888529383	3.3441994
4.684267924	2.833114
5.50122486	-1.149994
5.242073935	2.3707112
-1.22133632	0.2923774
6.149116929	5.667555
5.935825273	7.0901492
3.767281664	3.0596499
4.623489055	2.331943
0.968544582	4.158129
4.653954427	7.05806
0.16013454	-0.596224
0.88234445	3.7968581
4.412857326	3.3304181
4.887123925	-0.13071
4.77254869	-1.047439
5.013316954	-0.128213
-1.310060925	-0.215572
-0.847070335	0.9536883
1.108966997	3.6445893
5.009583657	6.3053987
-1.014808632	0.8760004
4.458288913	-0.63833
1.341765809	4.0278039
4.885359491	3.4012159
5.058891371	3.584313
5.243237272	5.964345
6.458533066	5.7207459
4.823700562	-1.238766
-0.199402121	-0.544575
1.858461347	5.0876446
4.550831892	-0.821896
4.196137105	-0.762149
5.278530607	2.0927075
1.599497282	5.3552966
5.63508255	5.9359059
4.014556279	2.6720421
4.56065379	0.0159265
-0.81718	0.0452227
-0.112943549	4.8921608
-1.559730859	-0.358097
5.847513688	5.5576358
-0.605377886	-0.272681
5.402676539	3.8067244
4.808830077	4.2512091
5.319585166	-0.948479
4.309148932	6.7672436
4.176688462	2.2342635
0.706289698	4.325646
4.97538055	-1.592958
5.160301429	2.1569773
5.706961226	4.2266786
4.776847039	3.040814
4.170871769	4.0549687
4.117198488	-0.415922
4.460162972	6.3951476
4.935412322	3.7591745
5.1030903	6.9124985
5.981017558	7.4125312
4.991695513	-1.424579
5.324622603	5.9527245
5.212268433	2.3606158
0.759011699	3.7831581
4.841898997	-0.472277
-0.232798646	-0.364443
4.422460421	6.2300917
0.0491910649	0.3475488
4.551930335	3.478117
0.348225714	4.8037622
4.796867866	2.7978091
5.635941225	6.8874811
5.191474122	7.1884729
0.966310762	4.2056458
5.509027661	2.8638131
6.07478536	5.8430177
5.528954358	6.0365668
4.301451444	7.5579852
5.662999614	-0.848495
1.007891963	4.9329119
3.528241371	-0.274473
5.633010792	2.3912211
-1.111471813	0.5900317
1.221728336	4.0734087
5.276673727	-0.889733
5.655280643	3.2505355
4.296280072	3.5634495
5.594495663	6.60137
5.675971008	5.9205719
4.352237706	-0.806651
5.562828883	2.3207364
0.858786794	4.0094253
5.188692973	6.9355903
-0.846136741	-0.501163
3.979635315	-2.210974
5.707820054	6.7599724
-1.980244576	0.3254532
-0.479888372	0.3400554
5.299811404	-0.97386
4.761345213	6.7036743
5.022775508	2.617219
4.618675163	2.7370332
4.792072129	2.2708368
4.669036823	3.4009515
3.680708397	2.3818019
-0.255273656	-0.602111
4.459169693	3.8077274
4.447674696	-0.672926
4.733931273	6.064358
4.862371143	3.05635
-1.150089616	0.6019548
4.069281824	0.0194875
4.438468314	-1.171846
6.093747379	6.7169563
5.731729634	-1.576726
4.631240245	-0.736847
5.704215694	-0.515864
5.449797452	6.5701348
1.050575406	4.141932
5.04126278	-0.408201
-0.879182493	0.4145836
3.536908135	-1.322359
5.667107539	2.1460604
5.328348293	2.9345713
6.223313401	2.9982222
0.946731759	4.6297485
1.222843994	4.2409874
5.469734563	-0.855456
0.803817921	4.6822089
6.043751561	2.5834033
-0.62914754	-0.794407
4.891631229	0.0804429
0.665766426	3.8741792
4.354345113	3.9098813
3.883554817	3.9903927
-0.693029193	-0.157228
-0.201350573	0.0231849
0.81112105	4.7727449
4.886553765	7.5238734
5.172124192	2.8851204
5.600399487	5.8204345
4.872861532	3.1755868
-0.481785264	0.1105091
5.889726114	6.8497591
0.828839657	4.1317875
4.835119889	2.6125919
6.169385862	7.46314
1.125184365	4.5065814
5.270289709	3.473891
5.633930543	-1.790063
1.720078586	5.0999682
5.094146763	3.7208642
4.903144092	3.7567302
4.618232083	5.438746
1.589942111	3.9817853
5.633354149	-1.77943
1.115100699	3.8939017
4.28383654	6.5499002
0.947461843	3.7728606
4.716155256	3.9423796
0.781863958	4.152176
-0.812925243	-0.085517
5.033170835	2.9247401
4.214883799	-2.108812
-1.611199217	0.1685102
5.918782434	2.2010323
4.919019503	6.9257266
5.713124195	3.1486142
5.968612799	7.2173941
5.308816765	2.7943859
5.379706403	6.4327856
4.610732527	-1.656255
5.179073188	-0.400465
6.777895144	5.9169328
5.524922444	6.511125
1.13579495	5.1834073
1.152253296	4.3521146
4.774753308	5.8643114
1.167468992	4.1772299
5.728724376	5.605537
4.036111082	3.5859055
-1.450433497	0.0068187
0.576759041	3.943043
3.839921034	-0.80373
1.436663835	4.1622152
1.241837014	3.7176345
0.950174626	4.6692885
0.822286003	4.3582428
6.036798174	5.7154268
6.196206098	2.3076106
4.405922822	-0.570622
0.147941408	5.1675962
4.722385796	-1.599038
4.42912328	-1.069196
1.189515859	3.9048903
2.299201922	3.6768916
-1.134492826	0.007896
4.231810069	3.209615
3.849883473	-1.190763
4.759499423	-0.563437
4.852092915	7.506858
5.606530454	6.2225487
0.306344248	-0.030593
-1.123567295	0.1832691
5.133002048	2.4264858
1.511479324	3.8259334
5.974509745	3.0571186
4.487878905	3.1570817
-2.036374474	0.3882094
5.059576598	-1.000711
4.519515346	3.2887567
0.622925109	4.144086
-1.008980773	-0.396789
0.471290805	4.4561352
1.374370738	3.7063053
5.633954241	2.9154358
-1.966186834	-0.746069
4.764299033	-1.105536
4.688993133	2.6430031
5.15426278	3.1283088
5.74757068	-0.906316
5.760189102	7.6359251
5.85707434	3.3259512
-0.908360489	-0.023093
-0.798890654	0.2450911
-0.612015603	0.0721896
4.959952324	-1.35734
-1.180242149	0.9614696
5.217996884	6.601206
4.668419732	3.699198
4.357354466	6.7586511
1.886945868	4.9598518
4.838646003	-0.70083
-0.341645859	0.7613514
4.672490163	-1.766123
1.827362099	4.2201852
4.938791223	-1.424631
-0.446081337	-0.020046
-1.566643021	-0.563365
5.485558969	5.7877064
4.883644886	2.3094752
5.255881045	7.0605668
5.392573759	2.6815669
4.85600032	-0.69081
2.216940237	4.7556756
4.883604917	2.4714311
5.498504406	-0.965869
1.578968102	5.2543675
5.749092668	6.3697007
5.100236257	3.081258
4.477504126	4.2752275
0.757596882	3.7725542
0.456751685	3.4505388
4.523121479	-0.879442
4.659841758	-0.866867
-1.757771251	0.047075
4.679833854	-1.336266
4.528999544	3.7560034
5.186088341	6.5081226
1.229758332	4.5112002
4.482211541	2.3167796
5.745918053	-0.856279
4.613070899	-0.229566
4.543386814	6.5067353
5.58901122	6.6916416
5.427833477	6.9836321
4.730181942	6.9769272
5.095908541	2.9492267
-1.895519826	-0.777212
0.459339646	5.2273891
1.051249361	4.1171866
5.435491496	5.6915398
4.53970367	-0.628613
4.213732534	2.4691186
4.15519786	2.8666322
4.387077439	7.3177807
4.856140833	5.6389173
1.469707937	4.7313496
5.020992002	2.549666
4.520553141	6.6897652
0.994341085	4.2904256
3.745610349	3.007072
3.966568992	3.9296815
1.054046284	4.9292114
4.724925997	-1.826318
0.955160013	4.5945249
2.206218853	3.4658712
5.100600817	-1.955895
4.820793797	3.0766534
5.289817574	-0.855169
0.884319605	4.4946359
-0.303339248	0.1614398
-1.820005615	-0.146308
4.617196808	6.7316601
-1.107956798	0.0929629
-1.417709139	0.6545555
1.20153329	3.7572556
4.957589539	7.631167
-1.898950329	-0.285116
6.192953393	5.7455529
1.063167775	4.9706958
4.791961284	0.2760678
5.631396576	7.4849189
4.883967813	6.8410235
0.386843081	4.5930057
4.894129102	0.3026994
1.747990098	4.5283915
4.246958655	-0.823623
1.247764326	4.4820752
-1.102770478	0.1137592
5.572672579	6.531982
5.61609618	5.8868303
3.692333843	-0.362675
4.353478574	-1.486687
5.178829677	3.7976103
-0.878603216	-0.071567
3.915605999	-1.273564
5.294733163	6.5515458
0.44879886	4.9206807
5.533292965	3.7957647
4.620521569	0.1731279
5.012333959	-1.774952
0.799458307	4.3049592
3.92155543	-1.570067
1.123799864	4.6085849
4.95300139	2.2473524
5.138403643	-0.562102
4.924372841	6.338433
4.861449507	-1.262553
4.83668013	2.2730072
1.093385645	4.3927532
-1.296144115	0.4009568
1.448651155	4.7157589
4.224670712	-0.222173
-1.129227335	0.1268245
1.016890114	4.1319768
4.607226323	-0.487899
6.427423685	6.9225149
1.4267923	4.3047568
4.579961675	-1.541272
5.225350361	0.0525252
4.663300568	2.9490424
5.175599338	3.5680482
-1.091538672	0.0489044
3.665039287	-1.455196
2.044492201	4.4088276
5.581943352	6.7669714
0.425809814	4.7622506
1.064926715	4.5277765
4.268111821	-0.781586
1.212703444	4.8723572
-1.481751648	0.0035084
0.746560459	4.116512
4.456817194	2.8805606
5.687254018	5.7841867
1.570820237	4.8562124
5.113414949	5.6562168
4.817493658	3.729139
1.9409593	3.9436226
0.482486713	4.1380009
5.206882714	-0.846587
4.861597298	-0.16638
5.864437776	2.9092457
-1.660445351	0.2590524
4.599679391	-0.571397
5.757888679	7.245026
1.473942436	5.219107
3.603439483	-1.420308
5.601922874	5.8448313
4.559738382	-0.440812
4.37516953	7.217339
5.254443459	6.1055692
5.484397422	2.5513854
5.770238277	2.059626
5.341596608	-0.190985
4.906703958	2.8864112
5.555744854	-0.736797
4.854827428	-1.036186
4.706224218	-1.075794
6.314292951	5.5466297
4.89854684	2.8526009
-1.66072708	-0.28058
0.490758286	4.9234488
-0.0926955274	0.1685155
-1.087552857	-0.105924
5.407598092	3.1382444
1.71532186	3.4328015
-1.813962688	0.8780095
-1.025804706	-0.508221
4.933024491	7.0050542
6.07632791	5.8973235
5.882833884	6.9037314
-0.997207827	-0.377989
-1.259940838	-0.462806
1.329204919	4.190491
4.772387732	2.7417337
4.328432108	-0.148834
1.63767965	4.6791136
-0.652795764	-0.578167
0.449208366	4.8442103
-0.75783144	-1.059032
1.712165491	3.7118772
-1.529009281	-1.334096
4.997685728	6.4677064
4.806819226	-0.2773
-1.105986335	0.0024843
4.58097843	-1.016614
0.913456576	4.2639768
4.939677092	3.7351166
5.092200917	-0.604614
-0.842665927	-0.215236
5.783875606	7.1503689
0.908598635	4.3783718
5.353423591	6.1181579
4.955677469	-1.946018
5.036720745	3.2159436
-0.384803469	-0.039332
1.377267369	4.1184506
-0.416587027	-0.21165
-0.49189166	0.7851834
-0.205047598	-0.525756
5.561418976	3.2796032
4.209455848	2.8316063
4.525842797	-2.209187
3.971081764	2.427887
5.388329072	6.0917738
5.421832029	3.0194524
0.1218757	-0.830544
4.592069011	3.0895105
5.565004636	6.1827915
6.198650717	6.2236953
4.836578963	3.482654
5.027488566	-0.790516
4.864269057	2.620105
-1.09619781	0.6880063
4.09295265	-1.399084
4.617770868	3.6152258
-1.36913493	0.6684586
4.715558124	-0.693875
1.542286828	3.7532164
4.397891645	-0.855999
6.082749195	7.0598265
5.931072381	7.4952195
4.632942842	3.5283257
5.493998974	6.1888405
4.206006435	0.0768604
5.263693916	6.9147371
5.975785999	6.5214368
5.715750429	3.7120292
5.965751856	2.9207824
4.725966521	0.1500071
4.52485692	-1.559122
4.582755866	-1.797629
5.859535877	6.1632969
4.481612691	6.25972
0.278297566	3.9324091
4.632133903	7.0473962
6.499307862	6.871847
4.486242246	2.9751088
4.671661317	-0.895879
6.148621699	6.6654846
-0.0418438256	3.8284447
4.124567555	3.4355109
4.229716286	3.3434659
4.873696749	-1.414419
3.703010726	-0.155888
5.034387472	2.9131311
4.618745128	2.7795226
0.464038301	3.8180173
-1.746610733	0.5154473
1.505070168	4.3328451
1.19770528	4.2861227
-1.584287307	-0.188086
-0.0739122021	-0.829554
4.336684037	6.5306912
5.112895485	6.5797137
-0.398515323	-0.549016
4.863502691	2.7597076
-0.752975956	0.325455
1.018885068	4.6659831
4.579769412	2.832314
4.057256251	-0.44108
5.135316885	2.9114491
1.039908841	4.6248093
-1.232808712	-0.11167
4.667668793	-1.170421
0.671174215	3.6343297
4.452962604	3.3266473
-1.857332102	0.2834201
5.774196428	6.0990352
5.728009167	6.7282566
-1.34320927	0.4671041
5.316452004	2.4693075
1.554808894	3.9014202
-1.041237247	0.4664179
4.361784425	-0.384602
1.437511672	4.4201894
1.947353202	5.0388784
4.663970946	-0.957254
4.186811945	-0.299331
6.333685629	5.9828792
3.815409814	-0.918303
6.378614106	6.1708062
5.098326196	-0.563382
1.282693749	5.1610581
1.120849426	5.0906946
-1.198108935	-0.32002
0.622846752	4.2970163
4.889023448	-1.225699
6.018791031	6.6561428
-0.259408964	1.1273533
5.007499744	6.8591238
1.100307265	3.8096378
0.170804122	4.3078122
6.12095017	5.2309063
4.194076169	2.7621612
1.395151012	3.7214523
4.271545606	6.0398541
5.948981153	7.4145467
1.091251287	4.4154997
5.072070379	7.2832992
5.047933737	-0.869898
5.744039569	3.3872332
5.284906961	6.2416692
-1.020136091	1.0302069
4.814274957	-1.890379
4.865406736	-0.539566
5.590655174	-1.075088
3.643994679	3.0289776
6.61970314	7.1582859
5.286797822	-0.262888
4.307411893	2.7639406
0.992982667	4.4640072
5.795909665	6.2504337
5.999412765	6.053853
4.812665308	-1.390932
5.119127365	6.6085155
5.243971094	6.7088829
4.759808051	2.7615686
5.837099011	6.735359
0.993089071	4.3808708
2.263528147	4.3896724
4.449493771	3.4019057
4.358165917	3.6675134
5.260652975	3.3191913
-0.168564853	-1.110886
5.624291846	2.8169714
4.483220799	-1.669118
4.476127133	-0.663221
4.922459351	-1.533881
5.770070438	2.9085937
-0.83440411	-0.652526
0.0109538987	-0.522649
4.482110005	-1.350506
5.016888833	7.6944982
6.008532806	7.4146187
4.897648999	-1.717556
-1.56916291	0.5916964
3.905078335	3.8647312
-0.836192589	-0.76578
5.479010023	6.9277858
4.570678021	3.5730329
6.550700765	6.7544638
-2.064805952	0.4781693
5.425190317	3.4656421
4.898131984	-1.165568
-2.248280492	-0.245113
4.237664659	-0.6145
1.03325351	4.592152
4.187166737	-2.005522
1.506528136	3.9776629
-0.742176944	-0.88836
-1.424346087	0.038905
1.099079417	4.3616686
5.740664127	6.7236198
0.406563149	4.1892382
5.717142414	2.584332
-0.782604106	0.5813146
-0.384213308	-1.009211
3.467130068	-0.875724
5.1307427	-1.094171
5.094267098	-1.28599
5.634011922	5.6315636
4.472138211	-0.253577
5.028120276	2.4880689
-1.890999951	-0.401032
0.69089012	3.5283903
5.480766248	6.5999737
4.715313983	0.3421921
4.68988319	2.7937601
5.205160361	-0.632734
5.913936077	6.4017257
1.223926813	4.1653999
1.81522329	4.0335303
4.94063891	3.1500558
6.139604818	6.0299179
5.517556203	7.5826098
-0.245533411	-0.350423
4.260256669	3.043832
6.192479543	5.9491752
4.894410864	2.946814
-0.60364609	0.3755481
-0.787670291	0.2343793
4.761667567	-0.696332
0.42530093	3.8244828
0.969412281	3.3881554
1.243510529	4.1620895
5.002718788	5.5572042
-0.153760906	-0.333329
0.542780208	4.9902444
-1.290417146	-0.006902
4.570282525	6.4374721
1.000171377	4.4122684
4.200125494	3.019122
-0.765818531	0.5115143
1.726592598	3.6982497
1.582891971	3.9724541
4.651105437	3.2872493
4.294779661	2.5447757
2.050538886	3.5144061
5.84189434	3.0428187
4.511075819	3.0758289
1.046731013	4.5271865
5.883570062	6.763591
5.06860159	2.9509309
4.002436179	-0.447751
5.931278898	6.6712285
5.591849707	3.3414259
5.86692717	7.1352436
3.761306669	-0.860125
4.97842961	2.8559498
1.784438086	5.2414185
1.718307586	4.1993138
4.690421703	-2.244962
5.292342968	6.4988812
5.980433181	6.8459415
4.501434181	2.2217262
-0.867646587	-0.974795
1.243827863	3.7881809
0.345525925	0.2213933
5.755562452	2.0070641
-1.017332926	0.8400655
4.91078383	-1.054408
1.392254028	4.7129806
4.09011488	3.960828
0.130381959	0.9421209
5.275859547	6.3252559
5.153435305	-0.751982
5.936205664	6.0625673
5.137645766	-1.350018
5.678438257	-1.273507
5.103435319	7.1941917
4.675839332	-0.985124
5.5140059	2.3558863
-1.343932862	0.769257
-1.450084922	0.8914089
4.771130731	7.1182739
4.95456947	5.6482422
4.789795526	0.0925023
-0.802823708	0.7947727
5.571074121	6.0942785
-1.012331654	0.2578181
-0.979808679	0.528486
6.09093756	2.9642729
5.261269951	6.8929475
6.003586632	6.0042008
4.034651897	-1.031692
-0.913242966	-0.015076
-1.530274367	0.3326299
4.126833453	-0.534846
5.697122946	6.6978036
5.078629256	2.9957728
6.060382729	7.6035907
4.665738268	5.6833359
5.261334541	6.4102534
4.531925709	-1.189229
2.015382002	4.9028486
-0.264006738	-0.500309
-0.391684269	-0.424096
4.711347742	-0.088952
-1.387421511	0.2393089
0.292973332	4.6284545
5.035741376	2.8132373
5.042805261	-0.779093
-0.489058323	-0.513046
4.594619197	2.5002861
4.552578026	-1.180935
4.625020705	2.9821933
1.968069582	3.940003
5.553680041	0.1271743
-1.556933095	0.7620015
5.453063963	-0.812702
4.176818531	5.9641892
5.125995812	5.751861
-1.425057073	0.0550012
0.0407058294	0.0096169
0.362211442	3.8892765
5.49993342	2.9841968
-0.340563613	-0.105462
-1.024607018	0.8435131
1.879736128	4.097036
1.139545716	4.8262568
5.242023498	6.3677005
1.128720251	4.2579673
-1.962572859	0.3132048
6.329115056	6.1580365
-0.38944012	-0.161664
4.249759263	-0.082851
4.867817929	2.4443714
-1.637832377	-0.223819
5.467729537	3.1505507
1.512745205	4.3453313
-2.050568205	-0.614097
0.251185484	4.410988
5.452777944	5.6366189
-1.820588816	-0.048634
1.233810786	4.5893074
5.481997433	0.1619563
5.793852327	-0.643802
5.302146135	-0.035545
4.198544192	2.3225293
0.762356581	4.3792521
4.651848671	3.418403
5.706418712	6.9469618
4.16826456	2.8042515
4.860370346	6.4951524
1.472603113	4.0005637
1.787123183	3.8407985
5.907544807	2.7106006
5.176687665	6.1366971
5.70408104	1.9035106
-0.418737694	0.0469576
-0.210777355	-1.256633
3.385302817	-0.721751
5.335714292	6.5234748
5.064164438	4.0056846
1.272594089	3.7614687
4.863420484	6.0833828
4.836827483	7.2916634
5.057490498	-1.129541
5.126459144	6.3491547
0.500892312	3.9574097
1.396462583	4.4627203
4.718938548	3.7456733
4.290014316	3.6208696
1.119376647	4.8153397
4.977748033	2.4286689
5.459633272	2.8697099
4.579365601	4.208853
-0.233450729	-0.042349
-0.785128284	-0.389178
4.497827625	2.6974916
5.035048385	-1.57339
4.217450495	-1.037138
0.443529868	3.8673355
5.648313947	-1.355826
-1.22128673	-1.058987
4.033490602	2.1329551
-0.707087925	0.3888944
6.419183108	6.3471375
3.814005647	3.0789743
4.718297839	3.668188
4.837548003	3.1090204
4.099589956	-0.347594
4.656899212	6.1121107
4.709193525	3.7250397
1.316231828	4.2845621
5.34322838	2.1147592
4.727033814	2.8636462
5.152920053	3.345898
4.878980745	-1.044446
4.886257865	2.7854201
0.981350776	4.0816387
4.546627125	-0.027135
4.304368855	-0.88247
4.637904554	6.9061374
-0.476401578	-0.040816
4.904495131	3.0600666
3.689303267	-1.151536
-1.97168666	-0.140683
-1.468993482	-0.681448
-1.223870154	-0.718164
5.702507782	7.0192073
-0.813696341	-0.058716
5.628740857	3.0796664
5.152589924	2.7507492
5.874634985	2.6803788
5.386496972	2.6585366
4.605696996	5.5514172
4.555922221	3.1638707
-1.619658381	-0.190663
4.222123632	3.4251028
5.660148596	2.7143139
4.651209334	2.7789698
-1.007223358	1.0543257
3.921359279	3.0140762
1.08211651	3.9466979
5.249577903	5.9654783
4.969842985	-0.303418
4.509125997	2.5825143
3.45666193	-0.385588
4.803511421	3.3582417
1.033805002	4.0567408
4.518072762	6.2827662
1.557551616	3.7021491
5.221319982	3.1699361
4.839717206	3.065818
0.867384667	3.5655727
5.342350486	-1.133402
4.327847101	2.0236368
1.076472223	4.7072436
6.142891466	6.4187808
5.638343394	5.8170462
5.600041371	-0.681983
-0.243367508	0.136351
6.723178568	5.5580705
5.39046088	3.7485959
4.374961053	0.0255263
4.685854432	-1.165762
4.410974774	2.7273734
3.31010702	-0.517061
4.909382001	-0.386378
4.727008342	2.385421
3.758354483	2.5106447
5.588249347	3.5169437
1.314488718	3.7504122
5.795800669	7.2349767
4.043298155	2.7086657
5.373535052	2.9395023
0.45870759	4.8300332
4.519351611	-1.422554
4.268531619	4.2085663
6.587117125	6.5407147
2.144323845	4.3703617
3.812943022	-1.465289
1.967586821	3.9204224
-0.843727697	0.0311732
5.708346593	2.8960017
6.053005007	3.3482473
5.010282763	4.0551427
2.233289196	5.0425001
3.870651351	2.4212695
0.735366169	4.1009445
5.144563365	6.8780496
-1.017968775	-1.111916
4.325326809	-0.51897
0.45458484	3.6428058
4.66519848	2.8131271
5.384732174	-1.187982
4.140517666	-1.51893
-0.476278196	-0.560569
1.114075665	4.5813362
5.608642575	6.5409542
5.99233718	6.1447923
0.360403131	5.0072542
5.056322143	6.5964885
4.948238305	7.1385074
5.208379919	3.50145
-0.897706679	0.5549307
-1.314386174	-0.154644
1.312882184	4.1728658
5.313517962	7.3430074
5.299722119	0.1013478
5.699536083	7.2231099
-1.768552756	0.1992013
1.657536449	4.8016359
3.798049933	3.4153415
0.133776672	0.2185508
-1.30250178	-0.053896
0.156659945	3.7357824
5.033493143	-0.946571
5.262344511	4.0907231
4.632232306	-0.016563
1.275373905	4.2350279
5.409295895	-0.463445
4.862455739	-1.320345
-1.61772242	-0.623079
1.736886902	3.970737
-1.154909462	-0.411438
4.663582923	4.0629147
0.998493411	5.2025608
5.47594198	2.9455245
1.083069853	3.6488383
4.354118072	3.4380051
0.74660579	3.9630264
1.927432913	4.1673935
4.591590359	2.7888773
-1.874592308	0.6471397
5.458576474	7.211953
5.358445012	3.288245
5.08449785	6.9302615
4.811191444	-1.157928
3.946950577	2.8302556
3.784245766	-0.752408
5.096236576	3.5674199
4.544590454	-1.589557
4.321642023	-0.377817
-0.786025982	0.9790711
3.723099949	-0.364513
5.268490851	5.5879347
2.172509898	4.8927099
5.444328745	7.18658
-0.369260907	0.4123934
-1.799089214	-0.422428
4.72312271	2.9390956
0.906762257	4.5871461
4.470176746	-2.003135
1.812818271	4.3274855
6.41769889	6.4977084
1.214813473	5.034636
3.930149642	-1.720584
5.615057223	4.1588528
4.605810194	2.7356342
-0.810633017	0.2528688
5.4433844	-1.07297
0.89283306	4.2460554
5.176074014	3.9146632
4.957782668	3.3401526
5.213046426	-1.569848
4.145118815	2.8079982
5.572067517	2.6443333
1.190132495	4.1516313
4.771658308	-1.338878
5.750193612	0.2783906
-1.741477042	0.3281006
4.719730695	6.0360487
-0.883193928	0.2319849
5.312265391	3.0390837
1.648268447	4.1387433
-0.276747378	-0.796815
5.937495185	3.087838
4.01074093	-1.741253
2.083687955	4.5270288
4.206082957	6.0692083
6.606378807	6.2716203
4.680955752	-1.027014
4.599519317	2.1192194
1.302097236	3.9766628
4.556033677	3.010245
5.627051679	6.3986655
4.946241118	2.9430795
3.809247781	-2.196401
4.558200759	-0.727534
4.721891665	2.9886346
5.483797261	0.4319027
5.183531407	6.6208795
4.396320795	-0.5654
4.577843963	3.2597246
5.110029337	5.6528933
4.031735215	3.2616325
5.90428956	3.8737584
4.915392962	-0.023641
4.815287068	3.2156452
4.822559644	3.3456235
0.969566305	4.3501363
5.721981536	-1.088122
4.220288148	3.0532059
3.902829606	-0.210399
0.463491377	4.171932
5.057030597	-0.374102
-0.982612524	0.0421474
6.540335703	7.0859965
-1.414186728	-0.170603
5.261434384	2.5816033
-0.944647141	0.352932
4.494553058	3.6647422
1.591120662	4.4612558
4.898460353	6.8905919
4.596095247	3.861544
0.956626905	4.4041829
5.41567347	2.702052
5.815883738	5.3119672
4.607613629	2.3660807
-1.138514511	0.1825007
3.666785484	-0.720994
-0.922024705	-0.305721
0.212135357	-0.987058
0.250877389	4.1594335
1.11994371	4.4877075
5.764265226	6.4888802
0.420726142	4.0709906
3.876053874	2.3014875
-1.089198055	-0.795045
5.491448021	6.8792517
0.754686217	5.1305461
2.006173104	4.4352518
1.372013507	4.9524125
4.387923543	2.7493338
5.13633754	-0.033924
5.389073685	3.6376089
-0.850442609	0.5347913
0.938256335	4.4697674
4.391635398	7.1472235
5.19348086	4.1469619
4.614354168	-0.437568
5.320081591	7.0346069
0.637275417	4.170158
5.015890638	2.1399487
0.000823264375	5.0413025
4.946995576	-1.286472
5.341111532	6.4094778
1.396855372	4.1120737
4.418139928	-0.619188
0.631653809	4.4605157
-0.434912102	0.0630157
-1.48236143	0.1043102
4.087315303	-0.557632
5.565531072	6.4367803
-1.519296762	-0.008888
0.437629001	4.6511446
5.278481422	5.5476096
4.347357751	-0.705199
-1.755285958	0.4177331
0.341180804	4.3610653
5.014083883	5.3379235
5.232382662	-1.657974
0.399198571	4.9243867
-0.230627181	-0.6415
4.124896864	3.6580253
-1.017349445	0.1969909
-1.58638586	0.1209228
0.413686785	4.6369526
4.517977974	3.4572761
5.662675937	6.9753627
5.30695988	6.7275063
5.285864724	2.9351889
-2.017613953	0.6443927
4.889475897	2.2907754
-1.306042574	-0.293615
0.0591571829	4.3978229
-0.15509071	0.5273162
5.254790242	-1.513952
4.262418591	-1.255489
5.669054658	6.1331734
5.294287651	-0.89066
-0.0582518814	-0.151911
-0.281320952	-0.579894
4.157491798	6.3111946
4.540142355	3.1155073
5.206008243	-1.160706
5.154484863	-1.17897
6.528510038	6.7382793
5.675751032	4.0987171
5.088902768	1.8841577
-0.814086717	0.079726
4.881579952	2.2808154
5.183269158	-0.992307
-0.366488097	0.0329279
4.6096844	-1.951442
4.71412798	5.7697765
1.783130227	4.911937
1.161421255	4.1263227
0.740711104	4.0860453
5.382111007	-0.693869
3.953664003	-0.791466
5.467779177	-1.144788
5.392761878	3.801719
5.470134553	2.7335593
5.347965533	6.6181128
4.833136683	3.1086564
1.360353573	4.8719775
5.290961496	6.7005418
1.086400925	4.6436663
5.394783634	5.93324
0.523123387	3.5139875
-2.325218856	0.3162458
-0.434441646	0.0353458
5.119089753	4.0078649
1.955815064	4.4523639
1.233186597	4.7547238
4.413642904	3.5706589
1.452244046	3.7075951
5.802898146	-0.349752
0.510236232	4.6826101
6.383987934	7.2781856
5.166411152	2.5857592
-0.547869314	0.5076959
6.42536485	5.8664926
4.714402323	2.9100039
4.258404827	-1.930334
5.066736953	7.2174119
5.415759232	6.4228949
5.016270332	3.879191
4.326144476	0.4358436
3.286964738	-1.16899
5.332608249	2.1735434
4.619631834	6.4882634
4.305538197	-1.644591
1.564964579	3.6830734
-1.438223261	-0.056632
3.957695571	-0.412746
4.52596053	3.0881328
5.364520164	5.5010076
5.50015037	5.7656221
-0.0535010568	4.5114966
5.55067546	3.3894381
5.091573606	3.3827032
-0.912814066	-0.228742
-0.443191075	-0.687998
0.604990482	4.9677916
4.406780545	3.1717344
4.866122206	2.5866335
-0.384424983	-0.208578
0.862920654	4.8553251
5.097256235	3.2716792
0.804915791	3.7154523
0.396364456	4.459445
0.586330861	4.2185209
1.200605588	4.3873594
5.839779086	6.4907115
4.261921703	5.7062112
0.870964046	4.7333181
4.648880979	6.5783622
4.493810053	0.48135
-0.799560287	-0.972935
4.41176464	-1.23899
5.51366678	7.1911755
5.862541741	3.2087832
1.732718633	4.6055762
5.343886243	7.3757417
4.67282915	6.6502275
4.363716857	3.447326
5.292257185	3.5346807
-1.291888945	-0.143953
1.349065109	4.7306538
-0.110915948	0.302984
4.563583209	2.1291779
4.611395183	5.3941787
0.606070064	4.072355
0.533496174	3.9699194
0.876997394	3.9080996
4.629637872	3.0376056
5.839187507	5.4820731
-0.00733866534	0.2772416
5.55556964	6.4802652
5.617565971	6.9049475
5.559461722	6.9185694
5.212180471	2.5139484
1.168896223	4.4871226
4.088977367	-0.860566
0.585604271	4.6228255
-0.342028457	0.1968453
4.305951096	-0.053197
4.30813045	3.6965862
4.403606801	7.4477648
-1.43917279	-0.479199
0.951922692	4.7366314
5.410336628	-0.646078
1.98768364	3.388399
4.707724217	-0.583565
0.964329941	3.8971388
5.056909481	-1.695828
4.844420966	6.3771306
4.514924918	-0.336895
4.264806585	-0.625252
4.645044238	-1.446568
-1.719699383	0.2161498
4.649927216	2.7978414
5.213910401	3.1599021
-0.206357292	-0.332199
5.057601121	3.3113835
-0.753633282	-0.510051
6.288563468	5.6930449
1.031343209	3.8749794
4.721657914	-0.642601
0.271664885	4.4759868
4.960782434	-1.474369
5.934954419	2.6538383
6.326622262	6.2543901
4.757479029	-1.372412
-0.244112851	-0.195273
-0.484837893	0.516704
3.762745886	3.2379066
5.782617496	5.8668797
4.024789875	2.2963473
-0.993282087	0.486009
5.364866209	6.315454
5.91941964	-0.609745
5.389324667	6.1554331
5.03639523	3.4495515
-1.170930476	0.8239417
5.055348202	2.8922834
5.939978956	6.2678985
5.029846443	3.2093246
4.431538655	4.2257675
0.845060944	4.1385361
1.362422207	5.1348243
1.42155541	5.1226464
5.357858604	3.3589834
4.69676505	-1.171357
5.545799969	7.3842295
4.740197508	2.8846564
6.190154507	5.7768876
5.966881669	7.2542583
-0.64103198	0.3352441
0.207663601	4.3168995
-1.074864853	-0.299503
-0.107368531	-0.723194
-0.601507372	0.4578842
5.309102125	3.6031245
5.380832003	3.4150523
-1.371568857	-0.131695
5.503304473	6.1075503
0.501381202	3.9597252
4.391960308	-0.340558
4.463707059	-0.868951
4.060149178	2.6321871
4.806143448	-1.770982
1.156361553	4.6591422
-1.378942641	0.8404158
5.768289391	2.6926343
4.330323037	3.5111107
5.117134245	3.1048149
-0.488695668	-0.939948
-0.46584892	0.6690844
-0.95129861	0.2262377
-0.0202370663	0.6949304
5.30354762	2.1483743
1.31807638	4.330129
5.644036464	5.6667302
3.893020476	-1.299445
5.469631003	6.8741151
-1.651007714	-0.175192
4.771638162	-1.723194
5.042811606	2.9733809
6.19936994	3.4343111
5.196518823	7.6704112
-1.239365606	0.4257248
-0.861582744	-0.422916
4.821507129	2.840054
4.087016922	-0.661914
-0.177300207	-0.145274
-0.421252008	-0.869539
4.664819706	2.4665505
5.453755308	3.2496609
0.736794624	3.7124536
-1.141461871	-1.085838
5.960981536	6.0286258
-0.729412546	0.9303523
4.76646589	-0.564737
1.799896615	3.6098927
-0.400057917	-0.085314
6.476008022	6.0814043
4.264453745	4.0331649
0.816977654	4.1892886
5.042066105	5.6820056
4.808512629	3.5065236
4.383661462	3.6542181
1.636327495	3.6105507
4.239835006	2.059591
4.918991091	-0.582306
5.723413394	-0.106913
1.118438447	4.1757045
-0.236106288	-0.322601
5.512624014	3.3145539
3.715100589	-0.84609
6.642539054	6.0156762
5.453878535	5.8908881
1.318710972	5.0027105
0.524901954	3.8128228
0.493578461	4.112011
5.626058732	6.4939465
5.23337645	3.2037844
4.730067019	3.6622042
1.4268186	3.7050159
4.818672264	3.1769893
4.784892174	2.6655404
5.260685391	-0.073484
-0.30005133	-0.273828
3.933327369	-1.03266
6.055215291	2.9348119
4.699066064	6.2107983
5.129212086	-1.854639
5.367807911	6.5081486
1.01162697	3.6319496
4.178192067	3.155129
0.791277231	3.6190964
3.611917022	-0.975175
-0.842336359	0.5230677
3.880622994	-0.773966
5.00632219	2.9583895
5.838542123	7.2351738
5.090181127	5.8423449
-1.47689583	-0.089216
5.463976133	3.047303
-1.110536805	0.3246083
5.004603035	6.5321516
4.420684806	-0.841619
-0.0382258171	-0.671235
4.037125479	2.6050084
4.835855476	2.9541499
4.447253045	3.3236146
-2.199475925	-0.800878
4.38730862	-0.74526
0.478056562	3.3933745
4.623469797	7.1248651
-0.278017012	0.0974738
4.681475561	-0.169083
5.052076257	2.5874138
-0.618713069	-0.888358
5.571393207	6.8879839
6.430332219	6.933589
6.4446854	6.275853
5.609365306	7.2832229
5.461765365	6.5069432
5.863042971	2.1947582
0.12402718	-0.844895
0.746306563	4.1730369
-0.813536921	-0.642708
4.953181742	5.6440028
5.572424209	-0.093286
5.353194802	3.8397393
-0.186374811	-0.506693
5.36467058	5.673429
4.490040338	3.337804
5.780185902	2.4195079
4.314774313	-0.409421
-1.110274618	-0.623493
4.161137489	-1.898056
4.585563256	-0.557721
1.764715866	4.143467
4.566624793	-0.490374
5.169102179	-0.718336
5.941441963	6.4687309
-0.235272083	-0.252805
4.410811823	2.4047704
1.076685116	4.1351411
-1.149053217	-0.611346
0.857749042	4.860981
1.616096594	3.5342849
5.892930835	6.6456152
4.833974399	6.3362121
5.427948186	7.1570307
6.051649675	6.3046187
4.442233355	6.5530934
6.005282005	7.0754056
-0.520493625	0.9245521
5.878630737	5.5513101
5.156887766	-0.245927
6.238207725	6.2262396
0.0322169287	-1.306408
1.070885353	4.3469505
4.921844868	3.5421126
5.106564714	6.2087026
5.212336601	2.958054
-1.720589768	-0.860571
4.571693745	-1.448233
-1.069525931	0.1002855
4.255545102	6.0951477
4.43605374	-1.139732
5.133970386	1.8447942
4.838004162	-0.701766
4.636428931	3.1431617
0.928224938	3.8910713
0.618088494	4.0623201
-0.363231261	-0.415513
5.148336195	2.7133272
5.210160662	-0.942137
3.663604481	-1.237788
6.081699212	6.103919
-0.80639801	0.391309
1.474725567	4.8189439
4.769541403	3.6770606
5.302862956	6.961176
3.725236069	2.8729694
4.98390099	3.4090574
5.632482167	6.5388479
4.197559803	-0.545265
5.443618802	2.5905958
1.68072545	4.10634
-2.052602592	-0.688167
5.895730707	3.6714188
1.395183384	4.5987332
1.069871548	3.4805071
5.503072279	6.6595107
5.951926931	5.8212336
-0.848669049	-0.393447
-1.165557934	-0.67025
4.354940338	2.3324239
4.415944183	6.6831339
1.464673788	4.9870257
4.913890162	6.0217864
5.839342858	2.6032222
4.761832537	-0.401283
4.91574775	-1.062806
4.657828683	2.9898382
5.580156257	6.1748618
5.696887953	5.9216786
3.485619024	-0.445471
4.280693889	-1.398917
-0.496805057	0.3439044
4.603133063	6.9185497
4.947228982	-0.951144
-1.802730174	-1.192553
-0.272084266	-0.43334
4.28317932	2.0476795
4.469443821	2.6130736
4.385089484	2.7038187
-0.990795517	0.6997791
1.368140673	5.2258228
5.053550285	3.899959
0.839471893	3.9998095
0.709555571	3.4778217
4.252160222	3.3270416
4.119135256	6.2820836
3.747496137	-0.442557
5.990293632	7.0847067
4.106994511	-0.546071
-2.356056438	0.8855918
4.532922899	2.9866935
5.831793738	-1.438406
4.669434801	5.9527563
-1.83673997	0.0289624
5.186870512	6.3467317
4.952428905	2.2064884
-0.119391189	-0.096457
5.479924289	-1.599972
5.846256877	5.6739534
1.433618589	4.383527
5.635913103	6.4742482
1.523222009	3.918602
-1.25772573	-0.516922
4.246177653	3.3719626
5.305906002	6.2520992
4.493992846	-0.069676
4.826277675	4.0930239
5.028030675	-0.617126
-1.949318583	-0.163498
-0.631926233	0.332037
5.097269065	0.5017274
-2.007875119	-0.848675
6.021400008	6.4150024
0.601775356	4.2174756
0.52893629	4.5571733
4.810003825	2.522937
-1.963291641	-0.171714
6.676500023	6.7579499
6.330512685	6.8671379
4.927782511	3.6257618
4.851112414	-1.593674
0.480107544	3.7070283
-0.943887797	-0.609187
5.456845975	-0.835471
4.821205225	-1.358242
4.513685468	-0.565187
4.14374642	3.0970862
4.272984976	3.2126317
4.917839647	7.6354682
0.546768043	4.5519549
5.898916709	6.5154174
4.986845952	6.535516
5.293749837	3.816737
1.019200359	3.5977028
5.863702922	6.4320867
-0.991598056	0.8154848
4.162523529	4.0886622
6.014322969	2.7654322
5.461658175	7.2909563
4.981606183	-1.205041
5.147162054	2.3777081
4.690001288	-0.991312
-1.097267202	0.6543171
4.961320674	1.9492138
1.294428784	4.3814122
3.808835453	3.0891681
0.324388864	4.7064619
5.134008372	3.1245833
-1.389410288	0.2389714
4.614568344	-1.001794
-1.601561381	-0.925865
1.769630365	4.321727
0.864243592	4.1962292
1.034896164	3.9378291
2.012332631	4.3988449
4.439249512	-0.885334
-1.288970137	0.1983969
4.548648943	-0.585777
5.650854579	5.7875652
4.09267753	2.471842
4.581044887	-1.313025
4.720420267	-0.336747
5.733320116	6.8216888
4.779460489	3.4053386
5.234525183	7.5611465
3.962402618	2.6949278
6.254616248	6.3665718
1.545523754	4.4979366
-0.768061563	-0.915421
4.668410549	2.2224084
5.497122107	5.6242768
4.78107678	-0.974865
4.67249377	2.8378342
4.824406289	-1.265146
1.89946909	4.9782819
-2.047401314	-0.758724
4.875153335	5.5399468
4.839585383	2.4821212
1.555458496	4.3225193
0.344052273	4.7890705
5.531620224	3.6603849
0.712714247	4.1604553
-1.668485896	-0.238269
4.666116829	-1.599488
4.492400577	-0.162256
5.225479583	6.5157881
-1.284092949	0.0793984
5.374241019	5.6605547
-1.377233827	0.5506254
-0.394053382	0.9717796
5.237581677	-1.876884
6.364621575	6.6394827
4.133312109	2.6592229
-0.584488172	0.4086607
4.87281285	2.9113604
4.808334802	6.7460699
-0.926464291	-0.169818
5.166339706	6.2650799
6.489427812	5.7891873
4.945849199	5.5765519
4.66970962	7.2499615
4.678556302	-0.045145
1.221361005	4.2195517
1.508127316	4.801897
-0.178761223	-0.141099
5.007769445	6.706932
0.942461873	4.5753531
4.223497948	3.8820119
4.264031195	2.0015375
4.819009351	-1.697201
-0.802192262	0.296536
4.92926759	3.1336391
4.540074738	3.4765858
6.201243674	6.7108989
1.598252504	4.3645672
4.412204805	2.5239609
1.484743541	4.4173978
4.769420843	3.0440678
5.199317867	1.8675536
1.01354292	4.8409485
4.880444897	3.4454818
5.171501561	2.9654201
-0.0932257538	0.4949946
5.1093856	3.6023948
4.930699943	6.4301074
4.504467606	-0.942121
4.284211468	-1.045567
5.376397835	-0.77081
4.202679548	2.7155653
5.38439048	6.4799415
0.755602244	3.2983168
5.76622945	6.2022716
0.666167043	4.5172852
3.29571683	-0.80805
-0.312154685	-0.534146
1.282909357	3.7777424
4.379434011	-0.12616
5.542805159	-0.197835
4.332775576	-1.458309
6.204619888	5.3796509
2.311031514	4.6505073
-0.685628379	0.8474315
-1.344514237	-0.321978
0.826720372	3.9733436
6.491067925	5.8097093
1.410431695	3.5433315
6.12984056	5.5921155
5.216939151	3.6898823
5.536333943	2.3859165
5.931321507	6.8075573
5.36999223	6.7186229
-0.596940791	0.0031693
4.031725092	2.8413768
-1.452500295	-0.529688
1.020724337	4.5081569
0.663757505	4.1046737
5.763435506	2.4604736
5.086560384	2.8147885
5.962602009	6.9877514
4.677328486	3.4614488
1.110193291	3.8737674
4.028022482	3.0685303
1.38077323	3.706578
4.694318821	-1.237349
1.220034651	3.9297217
0.671493659	4.87633
1.206511667	4.5442728
4.621319586	-1.508032
5.870635977	-0.921338
6.092575758	7.1826421
5.066622089	6.803158
5.283044101	6.7941454
-1.542406746	0.4875486
5.189983828	7.5173587
5.594071395	3.2192071
5.622710931	6.1124459
5.742786634	2.9453051
4.252037551	3.4918436
1.474158746	3.5102594
5.305063545	-0.837432
-0.613810659	-0.845607
-1.757523381	0.3118058
5.66444294	6.3354185
4.489409905	3.4716899
4.69412881	0.3509826
4.34921745	6.2225202
4.820329799	-1.125307
-0.572346535	-0.504598
5.200283702	-0.656805
-0.995956204	-0.920357
-1.79992962	-0.353165
5.059838642	2.3961017
5.312333642	4.0305949
0.990989061	4.7313673
5.31433638	2.8415437
4.438863668	3.0215185
4.610743965	-1.461441
4.449417596	6.7894099
5.803568833	7.0074465
5.09832908	2.476903
1.63402241	4.6599863
5.243770809	-0.469015
5.36737428	-0.949714
4.87804409	-0.354005
4.15500865	-1.150203
5.317342655	5.9269855
-0.0651207683	0.6362603
0.720438498	4.3031055
4.853591409	6.5702452
4.962535595	3.4835183
5.554863191	6.2724054
-1.485348294	0.3121919
1.924392649	3.9871804
4.790196982	0.0326077
0.428952012	4.8898954
5.39721273	3.0609192
5.342257968	3.5665635
4.697058677	2.8095861
4.890588059	3.1634708
1.777782335	4.5066871
4.451570996	-1.532578
5.042338945	2.3778438
-0.840539863	0.3552625
6.232781975	6.4802786
-0.9047622	0.1287146
5.924443659	6.409712
-0.602814648	0.2640562
1.59122314	4.1839561
4.444649753	-0.397783
-0.357107085	0.3861918
5.168826028	5.6991936
4.919149251	3.3754553
3.7539749	-1.126872
5.299849896	2.9048139
-0.87588406	-0.246481
4.18581368	-1.043232
5.933089596	2.7172328
1.532259218	4.8647349
4.820624291	6.7086099
4.331784527	2.7182387
0.723994276	3.892517
6.217271641	6.2117752
-0.84250734	-0.141241
0.321135071	0.0546721
5.405427535	6.5351185
5.60865234	5.9477479
1.462196895	4.8402265
0.407950255	4.1383222
-1.822482565	-0.075261
5.859181904	7.2231712
-0.603941999	-0.632675
5.902744164	2.6356883
4.296473683	6.5694258
5.44401171	-1.043616
5.241380794	-0.232119
5.695339436	7.253379
4.497733715	7.0012498
1.314610743	4.9805923
-1.735433033	-0.634399
5.246985222	6.0126624
-0.7487541	-0.263094
5.160428129	7.2887164
0.157455165	0.2555792
5.108663127	6.6175535
5.276808278	-1.113221
5.174619204	7.2504051
-1.348836958	0.9682417
1.132692749	4.118376
4.913652809	3.1843411
3.554636415	-0.123541
-1.512836144	-0.42144
4.4718704	1.800393
-0.715861947	-0.616603
1.004493202	4.0274557
5.056026516	-0.714467
-1.911767562	-0.298628
4.5789985	6.0896381
-0.526751196	0.9670115
5.456032735	2.0971895
4.977323473	2.8289233
4.381612678	-1.46967
5.263753522	3.5858965
1.55549738	4.5287657
4.643119668	-0.877055
5.160086433	3.1083351
-0.523364979	-0.278781
0.673733679	4.7530773
5.723250407	-0.599505
4.773669497	-0.630125
1.349805274	5.105447
5.578876892	6.5966892
5.099492518	2.9370774
-1.250184835	0.3226604
4.656263286	3.1091109
1.041008346	4.1172829
-0.686761296	-0.505942
1.871522485	4.342025
2.290548363	4.3511782
6.662229349	6.1739321
-0.400819713	0.4616108
-1.083364364	-0.816149
3.308102723	-2.283229
4.207679614	-0.069619
4.909204209	3.6009257
4.693108606	-0.27766
0.980349839	4.1215959
-0.424203275	-0.216729
6.343826089	6.8016107
6.031615469	6.3677125
5.068603406	2.9296117
4.767166539	-0.471122
-1.036171701	0.4380182
0.109880282	-0.687704
5.195819081	2.799144
1.586989506	4.2433763
-0.86607282	-0.894727
1.321172895	4.7969042
4.263550703	0.0282352
6.647020612	6.7910907
5.448049543	2.1728268
5.89573215	2.7372332
4.128993974	-0.190919
5.487113515	-0.234814
4.724184819	2.3621936
1.066263523	4.6341464
-0.577564998	0.1400582
3.853575614	-0.874895
5.610030634	6.1658701
-0.905769823	-0.534327
4.71882282	3.4399256
4.427155394	-0.502084
4.619671089	2.392713
4.41271046	-0.263355
4.577817638	-1.764259
6.567767677	6.8995946
4.963267782	-1.258977
0.56330323	4.3897576
5.088718182	-1.618746
6.500536684	5.631455
4.140054304	-1.445487
4.347780604	-0.77371
5.233095311	7.0099954
-0.439740254	-0.337425
-1.041227882	-0.11853
0.648095107	3.9673963
1.700401543	3.6597176
5.599291787	5.7712136
5.758203061	6.5086968
1.194046187	4.0793742
3.929596751	-0.324313
4.752446326	2.3585947
5.487374332	3.2600889
1.092203107	4.3845141
1.065030396	4.1990279
-0.124736064	0.4201352
0.0312967736	4.0110111
4.46281512	-1.840036
4.072423649	-0.655001
5.102827189	6.7366191
1.093913293	4.4095257
5.751883955	6.1749847
4.60423158	2.5251674
-1.090876796	0.1202352
4.847364918	3.0510295
1.054586948	4.3549896
1.198975292	3.9391945
4.635690499	-0.79835
6.117384441	6.3264058
5.056263404	6.2271984
4.667967701	0.4357152
4.322849779	3.4004487
0.470669314	3.8704458
1.732886095	3.8340719
5.45548456	2.8335463
-0.557218435	0.0446089
1.206244571	4.7059361
5.983184318	3.0818013
4.741639955	3.1175444
5.383145216	6.4730326
5.296272376	2.6558892
-0.289510404	0.1921866
4.765588999	-0.872174
5.291650861	7.2837136
0.39933244	4.5218283
-0.479615563	-0.176885
1.202564194	5.0936598
0.988453369	4.9539242
4.423387277	-1.30985
-0.712340831	0.3428384
4.535285149	-1.391224
0.867111359	4.3101807
6.551594273	6.4709491
5.530585704	-0.908956
-1.08970898	-0.029649
5.325606177	6.8729468
5.417183443	-0.882624
-0.535280664	-0.000574
3.486147612	-1.254852
0.925894123	4.4293547
-1.285675767	0.6603662
1.065500631	4.8257411
4.556975909	3.5386703
5.781020811	3.4138394
4.165772409	0.2388901
-1.295360454	-0.251555
4.949977225	5.9215999
2.249743768	4.1761434
5.000392425	-0.490547
5.15994256	5.9800636
1.808043826	3.8223274
4.082517765	2.8684301
5.126448634	3.7002972
3.813036514	2.9237166
5.626836545	6.7578806
0.557113276	4.3914879
5.999628605	2.9686763
-1.423536039	-0.746199
5.539355634	2.8116381
5.242106339	4.1859724
4.437890098	3.0081339
1.041792824	3.4202004
5.160627874	4.0815085
5.873346105	5.6833086
-1.173584336	-0.195986
5.003316663	2.8677878
5.371949781	7.3100245
-0.668589136	-0.334154
0.573984543	4.6541035
4.207128176	3.7020172
5.191307515	-0.965528
4.882823044	-0.500969
5.562873721	-0.272129
1.327287367	4.1211865
5.317499872	6.153571
0.995732155	4.4429723
6.336196668	5.3232011
4.655239758	2.4404296
4.574079077	3.0105309
5.181687391	-1.47331
3.961894002	-1.194538
5.76965086	2.9234059
-0.462438645	-0.007062
4.231452961	3.0969841
5.388904514	5.7828082
4.22229758	6.7044357
4.730928544	2.5419239
-0.61967158	-0.097866
0.986544572	4.9972959
6.211941226	6.9803839
4.461763083	5.6589929
4.579045718	-1.557841
1.979061485	4.2204442
6.444435715	6.9489889
1.772649958	4.2903673
5.071868808	6.5167693
-1.49096874	-0.032208
3.896539048	3.210666
5.959245546	7.6897976
3.755277357	-1.026087
4.763386434	6.0553115
4.960232494	6.3792866
0.821270009	4.2705344
3.495207158	-0.58186
-1.784790687	0.6748589
4.608543167	-1.237099
4.606876116	-0.296527
4.924587555	3.2802118
-1.599355949	0.6461923
0.7350208	4.2610856
3.584198751	-0.220905
6.073972533	6.5183667
5.395075099	2.6913856
5.068161774	2.3358246
5.525354634	7.1262572
6.122783712	7.0538199
-0.21645536	0.2016244
-0.989940897	0.5130114
-0.881634709	0.0532776
4.794681967	2.4465792
5.61E+00	6.4394681
4.513275053	2.3106893
-1.19094198	-0.042713
5.356181852	-0.92239
4.90238776	6.4435048
5.00107806	6.3523162
-0.720194599	-0.307068
1.26169992	4.6323755
1.666754151	4.9107625
-0.603322944	-0.333798
0.837478842	4.3066812
1.614665957	3.8794687
5.001136746	3.4804863
4.44861446	3.4769094
4.663436034	-0.27418
5.401807406	-0.780158
-0.479849289	-0.432042
5.18382953	3.1774579
4.329077524	6.1121215
-1.75872025	-0.448949
5.138952969	7.6476337
5.008718535	2.3238626
-0.74801007	-0.442608
6.214000176	5.8084073
-1.17029551	-0.538063
-1.607356527	0.2498571
-0.745788089	-0.434956
5.883250781	6.1314804
-1.40791008	0.1010388
1.516761277	4.5779799
-0.599020576	-1.05481
2.112417239	4.1449973
-1.501420505	-0.228661
5.944176031	6.4219398
4.466285171	3.3379582
1.520837456	4.2165986
0.524120547	4.5530054
1.601356115	3.8933292
5.582125277	7.0837142
4.911341629	4.0002755
5.046539283	6.4342944
-0.260720391	0.9232211
-0.689729269	-0.140502
5.383013884	7.3190754
3.564820454	-1.553356
4.560934805	-0.468413
4.776521066	2.7908107
4.816188798	6.5785472
-1.243818414	0.4293702
5.909625351	6.1550309
4.777344448	2.2765255
5.688658969	6.4999479
0.0240264283	4.7488278
1.215337068	4.1569232
-2.26174666	-0.558874
0.669789538	3.7363831
-0.519095923	0.5813703
5.11399662	3.2643675
5.008300581	6.8170579
-1.780912782	-0.066716
5.11787278	7.6857214
1.469464353	4.3912711
5.255620106	2.5828968
5.402158656	3.1502764
4.703205895	-1.791044
5.048087704	3.4542158
4.534282776	6.8307405
5.836475055	7.3590145
4.371217287	3.7197822
2.093988547	4.0958854
1.489328942	4.0801632
4.767622276	3.4848585
4.920442941	3.8016791
0.0627094064	-0.637729
3.846406089	3.2310052
3.645711744	-1.148038
-1.108371285	0.1841178
5.835224925	6.7459786
4.81258673	2.8897197
2.012789	3.9935996
-1.583383514	-0.427142
5.799173534	-0.67228
5.424213266	2.7100393
4.732879701	3.4750289
-0.849984887	-0.680711
4.052645493	3.1560921
-0.0361650457	-1.147976
-0.858408759	-0.107119
5.52814493	-1.085836
4.330840629	0.2663062
2.022083386	4.9114663
4.417924882	3.4897043
4.917388877	-1.916391
5.981474268	6.5049744
4.468555603	2.5037605
5.230281536	6.0823644
0.459376417	5.1074896
-0.945095273	-0.166413
4.252993911	5.7320848
5.074775044	-0.404512
1.420221421	3.9898201
4.390659511	-0.128589
5.034543637	2.6160827
5.680265142	7.2987223
-0.978033644	-0.60614
4.100392039	-1.150484
-0.672879879	0.3609191
5.165177951	7.2120266
4.908278329	4.2603534
5.009283976	-0.001618
5.390914442	6.587585
-0.888406154	-0.176376
4.343523695	6.8157029
5.590615704	2.9312258
3.891976277	-1.255825
4.995141288	-0.257258
4.034776083	3.3327188
5.139211996	-0.796334
4.551594135	3.5286935
1.029167351	3.9788582
-0.567937981	0.4358096
0.100934951	0.6949066
-1.814435707	-0.393388
0.625119788	3.5631463
1.201364935	3.3943368
-1.058886933	-0.600281
5.223403558	7.1708514
5.039875704	6.7450888
4.761004479	7.2303423
-1.036403888	-0.417396
-0.292473222	-0.926324
4.183821134	-0.754448
-1.183079414	0.1462537
5.735175033	-0.987199
4.800324142	6.0159272
-0.480347732	0.8237557
4.469440476	-0.86557
5.83927098	2.6742823
5.686349564	2.8300595
5.33725166	3.6579396
5.43855099	3.5676529
5.501379445	7.3570066
-0.548033474	-0.428583
-1.113430424	-0.379726
4.677042892	2.6614359
-1.954866468	1.1024353
5.174827014	3.8179999
-0.493917383	-0.569064
5.850585173	7.1781536
1.049947605	3.859895
4.596905828	-1.933781
4.871583542	2.8053593
5.07521851	2.7824303
-0.0578901546	5.2482046
-1.587092417	-0.537575
0.24246721	4.5148517
-0.780530726	0.0339863
-0.0656021934	5.1089025
4.776621284	-1.258307
5.584434305	2.1740523
4.692670728	-0.85967
5.954864007	2.7821951
0.688856199	4.4476128
-1.626022212	-0.235059
4.865971334	2.7720572
4.883327163	1.8855526
0.309289685	4.5540468
-0.85532959	0.3665538
3.848735148	-1.043358
-0.55068418	-0.526276
3.525720287	-1.031335
4.726243718	-0.694545
6.342566698	6.4820948
0.344107347	4.0292104
5.252246784	6.8020135
6.316749735	7.6807367
2.013293203	4.9127107
4.735101172	2.2643932
4.581480104	2.6711396
5.746315439	6.1697349
-0.318280038	-0.508116
-1.402708833	-0.417248
6.736299754	5.8326305
5.955863988	5.6066553
-0.540586516	0.1785717
-0.243714626	-0.952323
-0.743909626	0.0743355
5.398498683	3.795918
1.190194116	4.7649994
4.235366131	2.8098539
5.010011771	3.4383873
5.242297446	6.66897
5.035454136	3.2294194
5.072050999	-1.535297
0.195581794	3.8580774
5.77595048	-0.654177
6.319475782	6.3293366
4.965134854	3.7243369
5.119300169	3.3139765
4.762016968	3.8821156
4.68880058	6.7472988
4.511817587	3.7164866
4.688219891	2.732276
-1.035592008	0.2224717
-1.763759418	-0.379473
3.85889354	3.4215628
-1.149949413	-0.482864
1.023184922	4.7235334
-1.18865883	0.5031305
0.73158122	4.0768591
-1.589751075	-0.229117
5.102741551	3.4006804
3.908104354	3.8448864
4.930945137	7.6542858
5.923515058	6.2512328
1.184540407	4.1574488
4.926861381	6.6486763
5.335171124	5.7485346
1.1409447	3.9985235
4.72773727	3.6823767
-0.947490147	0.1845388
1.345342904	4.2633063
6.140686447	2.8712974
0.98016326	3.3530979
1.151640875	4.8407099
5.596828113	5.45431
-0.818709463	-0.091754
0.256060662	3.9014035
4.92985492	6.6028963
2.126757986	4.5265223
4.361087576	4.0509768
-1.076256	0.6083037
4.318610643	-0.175652
5.676228069	-0.069086
6.507122003	6.3045204
4.012857242	-0.204449
5.559401758	7.3940674
5.006090111	3.3940853
5.432536386	6.0989351
0.613138415	3.6191937
5.869240189	6.8433156
-2.330843299	-0.151174
-0.823095164	0.7560987
4.964200364	6.1842635
-1.437596716	0.0824403
1.742739868	4.9321214
5.664157031	0.1714255
4.990892271	3.1833211
5.29722129	0.2299176
0.898980457	4.6065027
-0.610325919	0.9285015
5.167476457	3.2221082
4.678284887	-1.518183
4.85748444	-0.443612
5.644255001	7.2105474
-0.25800085	1.0389091
1.359270657	4.1899116
-0.173201643	0.0330003
6.017224769	3.3345382
-0.780913371	-0.761882
6.135412368	6.5580968
0.927943213	4.3910336
4.871693584	-1.244795
4.802313527	3.2952676
4.966738756	3.4857899
4.771639243	-0.750519
4.676575064	-1.621035
4.875983166	2.5416118
5.406024464	3.9273864
4.174555224	2.90343
4.791823577	-0.766036
-0.0882014766	-1.20912
-1.118832227	-0.372678
3.727402241	-0.425888
-1.11672054	-0.164113
3.518044731	-0.548052
5.296266001	6.7686443
4.30125386	3.0512574
4.862564922	5.7028133
5.394091507	7.4317893
5.237438507	-1.077317
6.224950476	6.4162798
1.34113341	4.421686
4.631090421	-1.446304
3.9559217	2.1063598
4.751104222	2.1158597
5.29013884	7.1735271
4.508553862	-1.128417
-0.466258463	0.4362614
5.693393492	-0.994689
5.5369563	7.2198723
5.007049105	6.6230004
4.272596194	2.8148248
-1.365963512	0.2026405
4.427771399	-0.325916
3.698479373	2.6842552
1.12223589	3.9422645
-0.19984341	-0.64075
5.484795173	5.9385766
1.261671227	3.6956389
2.238885278	4.7601297
3.675711857	-1.562811
-1.443688484	-0.455265
1.078713181	4.7144678
4.46228399	2.197385
5.90589941	5.2769127
-0.922113579	0.3823947
-1.504036326	0.1089012
-0.28768091	-0.138418
4.503906443	2.6574348
-1.856099998	0.2815657
-1.508646083	-0.174636
6.093595555	6.8602233
0.711222314	4.7307392
0.830374994	3.6151853
4.384725123	2.585359
5.601698205	-0.475952
-0.964683011	0.1566272
3.719318232	-1.193017
1.02147957	4.6466176
6.818606488	6.0729545
4.723089728	6.0765584
0.532429833	3.9866561
-1.351605737	0.1153847
5.748003791	3.2816414
4.739526778	7.1785105
-0.785857132	0.3988406
1.077265083	4.2407106
4.626136243	5.4382455
4.734793211	-0.20401
4.630119464	-0.438421
-0.811601525	0.539137
5.131110554	2.8325638
-0.119043078	4.2668577
0.785183393	4.3100883
4.944161978	2.6663271
5.628858811	3.3734542
4.807613721	3.189588
-1.547325649	0.7708144
1.034069071	4.9538225
4.364219066	3.1264877
5.395260494	6.4020932
3.388332679	-1.083553
-1.366693451	-1.023827
4.961794548	-1.411699
0.801220066	4.7687814
4.175675998	-1.40154
4.741231394	3.7185777
5.256560942	2.4315455
5.364415302	5.6420169
4.03770913	-1.131125
4.959700864	-1.567588
5.248174055	3.330059
1.446292539	4.3488454
1.603331235	3.6608207
1.087915369	3.7368722
-1.651766062	0.573449
1.642824477	4.4170519
5.029634689	-0.518306
4.706879659	3.7923738
-0.908481357	0.1012864
-1.975849927	0.1668883
6.37196512	6.6798825
4.659719904	2.6478958
1.826997814	3.8136303
-0.776885632	0.0317772
-0.487323682	0.7206153
1.796582919	4.9400847
-1.66622568	0.658971
4.58511015	2.7319318
0.476116866	4.481692
4.292190649	-0.605167
0.708969415	3.456569
4.697372759	1.9355555
1.260323325	3.8047909
4.735013155	-1.964796
-1.597945742	0.2368097
5.73570521	5.5498501
-0.344443871	0.0676944
-0.948588671	-0.18402
-0.42641533	0.4813588
-0.88352755	-0.181387
5.002331206	2.7860808
4.049535101	-1.357314
-1.059581382	-0.463165
-2.056908089	0.6375703
5.559753575	3.4026184
1.19548941	4.6586109
-1.442557102	-0.088676
4.96147206	6.0034692
4.382877688	7.386624
3.876449291	-0.795431
5.06011437	6.501722
4.862418411	-0.467738
1.857004717	4.0206199
3.500462733	-1.039166
-1.065300748	-0.34614
5.388175184	3.317324
0.956797541	4.7873802
4.927628586	2.7592876
-0.707763856	0.4263529
4.808578995	1.8011944
4.91349858	-0.605538
4.371950972	2.7676649
4.215129334	-0.868673
4.641275301	6.5881754
6.145369246	6.571067
3.799006904	-0.830726
5.422185498	0.2450292
-0.98221069	0.0006681
4.482815232	-0.505857
1.825330645	3.688807
-1.684318677	0.2973735
5.951047523	6.2830245
4.396989703	6.6366014
1.213230633	5.0849989
-0.469217906	-0.498966
1.183608745	4.8530467
3.925829568	-0.565556
4.539340545	6.3958472
4.681776394	6.7859151
5.595319544	7.1072961
5.548379086	2.034171
4.856343508	3.496383
4.773941465	-0.544623
-1.447303332	0.0941285
0.571476314	4.308745
-1.174350944	0.1675413
4.096257416	2.6505821
4.469572463	-0.506569
3.814600276	-1.530651
5.289534561	-0.726753
-1.252898235	-0.716121
0.169988423	0.0142363
1.438755211	5.145703
5.425032815	6.7130153
1.008761451	3.7309462
5.345875642	6.5370693
6.042511903	6.1048368
-1.628390194	-0.287864
3.742154738	2.7401243
1.258009745	3.8448863
1.507444312	4.4293051
4.242778294	0.0375154
5.008744443	2.8054773
5.128501251	7.6808462
-0.450168887	-0.325153
4.137698056	-0.416736
5.372121892	-0.17709
-0.122295531	1.0998152
5.890213762	7.0424341
1.454783882	4.7466422
6.226351035	7.6051377
5.276417536	6.6154238
3.534846702	-1.354697
5.133731903	3.1305518
-0.911708125	0.6886338
4.793692623	-1.897798
4.945131429	-0.480478
4.664573366	3.0200065
-0.285367383	0.4910802
0.843747264	4.666477
5.299265424	6.237352
5.000895783	6.4472151
5.471331177	3.3002864
1.461030868	3.4078092
5.158753398	3.6866668
-0.704555146	-0.447192
5.449466194	2.994838
4.180016832	1.9922633
0.956208097	3.7336404
1.35405275	4.590103
4.689682949	3.0436535
5.551327725	2.9987748
5.467117099	6.5376846
3.693568976	-0.490869
1.414877657	4.1932762
0.7804365	3.8579556
5.017630787	-0.646967
4.31584466	3.561369
5.220929755	-0.923565
0.00591319596	4.7178886
5.119112625	-1.105266
5.05186988	-0.550777
0.966400927	4.0828237
4.034148675	-0.828749
4.037342059	3.5740185
5.571875387	-0.545586
-0.935741386	0.3608526
-0.408793593	0.1178483
0.381782979	3.7599675
5.417931675	7.0648214
5.960160914	6.4246722
5.235920969	-0.131291
5.470100259	2.9734194
5.734351183	2.6181045
4.679282028	-1.462044
1.037787263	3.6695361
0.898674981	3.4167652
-0.287064737	0.6466654
1.601728763	4.4066127
1.850040497	5.1744782
0.909381687	4.5353718
5.660735917	2.4452924
5.329390226	6.5182413
5.456291576	0.3883656
0.102734206	4.41582
1.10965166	5.1374841
4.179109709	-1.579958
4.636491766	3.6219125
-0.272239984	0.5456596
4.159864369	-0.520528
4.684766008	1.8932915
1.888982405	4.1741842
3.948407499	-0.869575
3.963926485	0.2756754
1.049009524	5.1448188
-1.189503128	0.5707072
0.492434787	4.0534821
-1.351955302	-0.405074
-1.14804506	-0.374926
-0.564047682	0.6673239
6.220613343	6.2205135
1.643283287	4.6343816
5.089891663	7.7251146
4.700066042	6.8291889
-0.299146589	-0.492928
5.19298632	2.8199103
-1.712328203	-0.521435
3.533655819	-2.092744
1.364699032	4.247428
5.980730786	6.1678809
5.025653955	6.7570695
4.606765398	7.1610966
1.993426949	5.1436015
1.826753257	4.1171141
5.226391808	-0.668656
0.975442096	3.7765777
1.128114938	4.5629861
5.268874916	5.6758368
4.260038717	-0.805645
4.18880804	-0.888403
5.023283795	3.6018175
5.400490235	3.8886301
5.403531384	2.3919185
4.45860929	-0.943572
4.349521237	3.1081941
4.297190102	-0.548802
-0.741390442	-0.264413
-1.401566799	0.3461363
6.235410419	6.8441277
4.849270404	2.6760922
0.180151668	4.6136545
-1.597611243	0.5476322
5.889851424	3.7103036
5.167920649	2.9893067
5.004387141	-0.637178
4.851831142	2.8033148
6.284977533	6.3081451
5.692865155	2.9570421
4.912462994	-1.100842
3.279303877	-0.391133
4.549800079	5.4169376
5.126350433	3.0982858
-1.666763823	0.5498161
5.203304794	7.2693652
4.847492528	2.8787761
0.981517776	3.9488958
1.114422734	4.218185
4.861084408	5.9499094
0.368607672	3.8640984
4.590372445	-1.056034
0.808873276	4.4078125
4.516399837	2.6578481
-1.744289678	0.1818924
2.202419808	4.6091685
-0.942727657	0.5254639
4.389659664	-0.863352
4.455734081	-0.381782
5.173202809	6.2112084
4.098525524	0.2006913
5.618531994	5.8718195
-1.317690091	-0.153296
2.111597056	4.5943115
4.919251707	6.7714696
5.193297967	3.1057762
4.09947216	-1.472201
1.101622561	4.2566505
4.201410969	-2.111566
5.299417957	0.4656308
1.582304285	4.2138689
-0.153709566	-0.321331
1.274007773	5.2311036
0.0137132976	4.6679662
1.474967611	4.2006401
5.56294093	5.5845599
5.235624623	7.302302
3.794739596	-0.051608
-0.134163721	-0.448533
1.270544459	3.8226342
4.91620069	2.8718907
-1.985492428	0.731284
-1.34124845	-0.368634
4.364881363	0.0894241
5.845405838	-0.903337
5.712955852	6.2597577
6.226393763	2.438898
5.600436158	2.4191094
0.224084274	4.4647242
4.701583253	0.0122766
6.100876792	5.5147722
-1.282245651	-0.447684
0.297384399	4.8977999
4.041444023	-0.920269
4.58388558	2.7665086
6.044296543	3.5170293
4.299974417	3.0582922
-1.668878087	0.520506
1.702589862	4.0270771
0.302818854	4.1946316
5.116904069	-1.588466
5.313125984	3.552298
0.7064465	5.1117413
1.702027264	3.6469048
5.354214315	3.8222533
4.631013663	4.1209681
4.795431773	5.581601
4.405648785	6.4324204
4.301044046	-0.892104
4.331443591	0.2041841
0.633939024	4.4545151
0.89559939	5.2584439
-0.0255304752	4.541222
5.24802959	3.0779444
-0.390038899	-1.248193
6.394355114	6.069047
1.094432371	5.0586215
1.866818987	4.5506201
4.140210697	-0.486375
5.123483102	7.258509
0.546706526	5.2859844
3.556508129	0.0462703
4.558778548	-0.623942
-1.2943553	-0.307464
-0.804436667	0.4308773
5.203741022	6.624421
0.852891356	4.3902101
6.304169836	6.4096013
4.741309622	-0.948498
5.209597512	2.7411567
4.317433915	2.6755563
-1.49633596	-0.021412
1.64533853	3.5058839
4.639058412	5.9106616
1.390085802	5.2946918
1.970300276	4.4159916
-1.584896903	-0.707325
4.382002477	2.8521408
3.63313347	-0.071552
3.749786456	3.9317244
4.60891687	-0.952752
4.539933824	-0.648221
0.331833978	3.8976485
0.290958	4.0620431
5.67050593	6.2086855
4.286668058	-0.757551
1.580090157	4.2301894
-0.872281995	0.1200443
-1.039339944	-0.293773
4.235600399	-1.229796
5.37955614	2.7616968
1.005333702	4.5792655
4.430105765	-1.164686
5.677893998	6.6075304
6.044999124	6.6241108
4.902096461	2.557002
0.777844164	3.7842675
-0.774849914	-0.571706
5.500112038	6.9819878
5.28535386	2.5520561
4.352214033	3.0794071
-2.120145634	-0.492355
-0.873012207	-0.112901
6.427722119	6.2837605
4.52611301	2.5369475
5.942105558	6.4826938
-0.434439128	-0.656034
5.291811491	-0.182696
-1.587292109	0.7283463
1.202561938	4.6982773
6.123178022	2.9916854
4.944833891	-2.104209
5.786256783	5.754944
-1.077797443	0.2905524
5.670064421	-1.667392
6.555802086	5.6501646
5.948865354	2.96088
5.479899202	5.4638335
0.45532355	4.9362581
-0.976351526	-0.063279
5.187432878	0.1609182
5.175990347	5.7159556
5.177890235	2.659493
-0.861906113	0.7306997
0.34999394	4.8888589
1.042306665	4.637399
1.29606558	3.9403015
5.923646868	6.2481385
1.387269353	3.7042064
3.617602792	-0.645719
0.67597131	4.2774272
1.458650847	4.6243445
5.123980204	6.4370327
0.384676365	3.3151696
1.572735447	4.8074711
5.465905398	-1.695408
4.418659995	-0.569249
0.118044827	-0.779824
4.904093572	2.2407108
5.500164108	7.4863302
5.64905952	7.2028099
4.446202001	7.2139123
1.53991982	4.0113872
1.763089011	4.179066
4.419747666	-1.21906
5.183267691	3.9928995
5.378516223	4.156198
-1.66259079	0.1145911
5.089619888	6.7341942
5.510459883	2.4744249
0.921596989	4.4876751
5.693425955	-1.378583
1.740893045	3.7215182
0.248706956	4.352853
4.988598943	-0.404558
-0.918289598	0.5536639
2.027335756	3.5827933
1.160712462	5.2723222
0.28131001	4.1348097
-0.725753335	0.5384232
4.16200583	2.3264488
4.906611429	-0.837792
-0.709765717	-0.040996
5.319875539	7.5516774
5.1402052	-1.15116
4.480859872	-0.078584
3.830933223	2.7600183
4.702200851	-2.090343
5.314586499	6.0130101
5.324630091	3.6608883
4.465942306	4.0637706
-0.335502149	-0.702245
1.940730989	4.2806785
4.68887271	2.8304936
5.952244166	3.872806
0.765486648	4.813817
5.167571105	3.5528429
-2.135369324	-0.029643
1.580206893	4.2078444
-1.23318927	0.7021943
2.077142922	4.9167007
4.557696686	3.7763538
-1.13862893	0.7166581
5.149347952	6.6478538
5.17033143	7.2714769
-1.711386556	-0.147544
-1.522643689	-0.170304
4.544530883	3.7208809
4.413945998	3.2380444
-0.859266063	0.6048486
4.18338927	2.8688866
5.576118983	7.1531121
-1.789587371	-0.323424
0.489851632	4.2057254
4.338769744	2.6328374
0.854389005	3.600829
3.800859648	2.445254
5.067819042	2.2108729
0.558919621	4.619497
-1.179768664	0.0298242
1.540609728	4.2833885
5.82485454	2.6534639
5.012087122	-0.882833
0.908139977	4.07852
0.222346764	3.5984679
5.950171174	7.311077
4.583436024	-1.654402
5.418090969	-0.82406
6.044751346	6.8638748
1.275741241	5.0144514
5.865552525	7.0499378
4.971147976	2.947084
-0.349544064	-0.262608
5.563474059	6.6194498
4.209497678	-0.726618
4.813131033	-1.42966
1.323206375	4.3510731
3.858967579	-0.866313
-1.655208694	0.133539
-1.556367212	-0.854756
6.134713856	5.7117397
5.399430586	-1.149486
4.979616009	3.2602753
4.725983857	7.2726614
4.721439103	6.7450583
-0.780994883	-0.409397
-0.996024248	0.5381949
0.501698613	4.072511
1.184054718	4.9631951
4.975061719	3.8317441
0.704572927	4.3461891
0.482316842	3.8561882
-1.207358793	-0.897263
5.442549787	3.1431881
4.843843756	-0.767494
1.00963255	4.4161863
4.971349423	-1.076793
4.182584471	3.0955375
2.017790683	3.7855107
5.571047216	6.6644649
1.427300643	4.4596383
5.156922668	3.5859769
0.157404045	4.2887895
4.771465083	7.065406
-0.643011886	0.0841459
5.908546268	2.8881944
5.49301298	7.0044691
5.467904811	6.2876372
0.788112957	4.9979819
-1.039147621	0.4564862
4.697114369	3.2134983
5.065039097	-0.841066
1.030946778	5.0648634
4.602318152	3.2484758
-1.61750651	0.9055156
0.452036483	3.8507071
4.620559375	-0.631945
-0.181205796	-0.278654
-0.634359991	0.5902639
0.56787497	4.2643429
5.510931617	2.9711286
5.243967338	-0.710994
1.137831693	4.2691395
-0.546719919	-0.069341
3.893975523	-0.581373
5.593446935	6.3828652
5.804911772	6.6618621
0.644695023	4.8836554
4.997894396	-1.868358
-1.20916876	0.0799991
-1.121157295	0.1754474
4.520887172	-1.605345
4.453640141	-0.795957
5.168092296	0.3278441
5.522136586	2.6271089
-1.24431575	-1.16108
4.308800301	3.2207777
5.152497212	2.5746243
1.869490414	4.6355258
4.74062857	-0.318782
-0.330658978	0.5655274
5.027010732	2.2243287
2.160711027	3.6588965
4.405415816	6.2834504
4.95575329	-0.583353
5.46733759	-0.67649
5.72621025	1.9583899
5.105535382	2.5473139
4.387786668	3.7047566
-1.715487602	-0.193354
0.362096337	4.7616834
-0.612142911	0.1367827
-1.239486206	-0.838395
5.328549214	3.1310206
0.787386695	4.1131697
4.920457302	2.7631824
5.275608638	5.9357214
2.404662545	5.286073
4.947185429	3.7023709
5.443549514	6.8961312
-2.294234775	0.1429973
5.718719949	-0.629506
4.010187504	-1.725679
4.666059297	6.6253803
5.541321307	-1.030013
-0.759738906	0.2234318
-1.787598422	-0.216249
4.662892117	2.7263994
4.83048273	-0.208405
4.834147472	3.9481528
4.419971543	4.2976326
4.580277596	3.234505
4.08726844	-0.636856
-1.213656148	-0.384463
-0.31177267	-0.208489
-1.756125027	-0.456035
4.486001574	3.7009812
4.863868532	3.9500544
1.016824149	5.0210928
5.239994895	-1.055168
5.633045089	-0.915978
5.006953125	6.660568
5.475822265	2.8798063
5.566864659	6.5093451
-0.564486485	-0.168398
5.121986699	3.4372873
5.639392794	2.3015898
4.410719691	-0.802128
0.469395287	4.3619751
1.101034716	3.8181614
4.626580683	3.0700654
1.179502159	5.1683961
-1.280897419	0.3626852
-0.178316584	0.4307247
0.129180069	4.1206409
5.378729657	-1.172666
1.266248072	3.5605957
4.724199711	6.8389705
5.236108888	3.9478002
-0.108336373	0.2788437
1.264211427	4.4436926
4.930612214	2.5570666
-2.241144761	0.3370553
1.331440855	4.4860628
4.117372069	2.5533161
4.473825929	3.4043372
4.673284546	-1.152429
5.555220441	6.8458601
4.457429798	-0.703585
5.011457999	-1.268246
5.296186704	6.8829775
1.170286264	4.5845794
4.225263706	6.6950546
-1.134486491	0.6105679
6.812146452	6.2051291
5.257576721	-1.02689
5.475249938	0.1919142
4.864223042	3.2642582
5.819447359	2.5480106
1.179716227	5.1089074
4.327590255	2.996243
6.208118953	6.4366363
0.904958785	4.2513381
4.061938856	2.9917852
4.533846321	0.2062558
4.227321752	-1.220701
4.537236204	-1.584149
0.00604693165	-0.321732
4.285550272	-1.577263
-0.290357743	-0.458466
5.022730412	-0.833307
-0.959139863	-0.582725
5.123295157	3.9116236
-1.494649146	0.0655827
5.053936181	6.8624343
-0.904688824	0.5912268
1.080738218	3.6047985
-1.120287144	-0.658265
-0.941336677	0.5234596
5.002311875	5.5288638
0.663195577	4.5763437
4.788948629	-1.136308
4.617932865	-0.987472
5.468800247	2.2873306
4.600456519	2.3048142
1.611078361	4.1081965
-0.449426054	-0.049184
1.974039891	4.2612044
-1.645217015	0.7798872
4.880582691	6.4095966
5.527993556	6.695148
-0.771194027	-0.502994
3.964208046	3.332897
4.556796376	-1.296514
2.171831518	4.7683317
3.700452128	-0.905441
5.195557462	3.077315
5.681724044	3.2783398
2.059389509	4.7511671
1.43236608	4.6599303
4.707024989	3.6862541
4.561790781	3.0891414
0.0512343545	0.245305
5.915334259	2.0738358
4.346872956	2.3074488
5.025341775	6.4553881
-0.908463312	-0.578154
3.804374285	-1.524494
4.589771533	6.7791737
4.919097792	4.101983
5.464141495	6.2520415
0.121556353	4.4779834
0.268201678	4.6115169
1.523953498	4.8255813
-1.815130706	-0.340616
6.382519774	6.5673784
5.984900503	3.5719622
4.853807981	3.0417827
4.421453547	2.6030399
5.778563661	-0.982041
1.501040271	5.1241786
-1.003482875	-0.890939
4.897055284	3.7539163
1.004250942	3.9282653
5.084620221	6.1139327
4.331403079	2.1465631
5.578827273	3.9703863
4.331888211	-0.244311
4.951945503	2.3199883
5.957421826	5.9620063
1.164363496	4.4258364
-1.265392833	0.0097939
0.814409075	4.3612122
5.892818074	2.8370273
4.634823993	6.5895583
0.777223774	4.4103619
1.309127481	4.1832806
3.67879827	-0.60854
4.780987969	-1.360511
1.961971949	5.2679199
6.072540898	5.6128668
0.941946528	3.4103852
1.434926257	4.1437964
4.479044912	2.8632986
-0.486932025	0.2726135
1.767792861	4.5552668
1.019893814	4.0634728
3.447762387	0.3111074
4.344014074	6.6389385
-0.465509853	-0.104455
4.51631071	-1.104768
4.61730272	-0.622644
4.878237445	6.0746314
1.796113505	4.333754
5.047351395	6.9332745
-1.114313877	-0.830154
5.775535825	6.772478
1.091933925	4.8209487
1.624064164	4.2348981
5.454601475	-0.499825
-0.635797301	-0.050605
1.324493757	3.9155844
4.483224866	3.422757
1.119674725	4.2472877
4.158591832	6.6337419
5.81969224	3.0495242
-0.194655228	-0.359723
0.546033408	4.3495572
-1.829528819	0.3187228
-2.03116969	0.225204
0.838061474	4.4402384
-0.561519862	-1.050912
5.68087782	3.1043394
1.929556163	4.6221288
3.988416585	-0.032504
-1.611568414	-0.488744
1.540161367	4.4364993
4.648637594	-1.246832
0.510060584	4.2186262
5.238751939	6.4958416
4.532253845	7.0659877
4.526531929	2.6344001
-1.026680134	-0.309895
3.76116395	0.0144402
4.775529877	2.350509
4.26760633	-0.735491
-0.730502849	0.1205007
4.965306675	-0.78655
5.916440068	7.3273756
4.673016373	0.3154935
4.195182818	-1.88715
5.809512284	6.9310325
-0.623254899	0.0531025
4.119045961	-0.366179
1.672273652	4.3442609
0.559516515	4.1380255
1.931520612	4.5530991
4.721843593	-1.466117
3.608661418	-0.365981
5.386652128	5.3187209
6.030179133	6.5648858
4.206792516	2.3529852
5.160452142	-0.876919
1.151051689	4.0703862
4.317687072	-0.500341
5.116146673	-0.816158
5.589996592	6.0284418
4.219030096	2.2616893
5.801235234	6.5825941
-1.243665496	-0.450715
5.887341954	3.3967988
5.495098427	6.0149582
5.771638166	5.9311885
5.427290156	7.4009156
4.520646951	3.0507312
6.1362684	6.0339802
4.414871611	-1.455053
0.894642291	4.1546336
0.888469683	4.3332562
0.365571255	4.3474424
0.986805427	4.1631923
4.154738273	7.2009195
0.86016348	4.148718
0.52288241	4.7447899
5.608060429	2.1939703
5.601340986	2.1137236
1.248752857	4.12713
1.853755378	3.9978955
4.80389968	2.3321761
4.278588895	5.9387332
4.369372775	6.2075616
4.612467499	6.2431755
5.279855905	3.3154363
5.260609175	6.1040413
4.192106875	-1.378315
1.320201557	4.5485756
1.798994239	4.6816262
1.231852314	4.8981038
5.541663529	6.6492585
1.842374796	5.1905448
0.240868719	4.2188769
5.564264309	2.992369
4.42134106	-0.42141
1.514838752	5.0771704
1.380225527	3.9020249
4.251387168	3.2621693
5.410604263	6.4119531
-0.201748088	-0.652813
-0.649088787	0.4362428
-1.652735724	-0.189169
-0.793246521	-0.257719
-1.672858605	-0.666979
5.681482745	-0.783686
1.125737039	3.8079099
4.415289234	3.1784664
4.812256164	-2.02431
4.91219163	-0.632815
4.529192726	3.333707
-0.695797323	0.4467201
-1.22412683	0.6407888
5.717215508	0.1645473
4.265846569	0.0188331
4.349950329	2.9195629
4.688415779	2.2688481
1.434451373	4.679389
5.066544266	-0.726081
4.999573051	6.6311197
0.785006008	5.1900893
0.739964687	4.3714728
4.388053983	-1.125289
-1.173446951	-0.442219
4.614534928	3.4455252
-0.536424078	0.8958351
5.460930415	6.3233819
4.385005444	2.949633
4.738707492	6.4131126
4.953057379	2.6098035
0.642513286	3.5329009
4.725502893	-1.611655
-1.30465544	0.3362428
3.71348142	3.3189563
-1.34061661	-0.981441
0.847614305	3.9811982
-1.734881231	-0.154421
2.223117361	5.2898554
-0.289680757	-0.168926
0.749143308	4.5148155
5.164245707	2.9261787
3.79300664	-1.538803
5.986079574	2.6300121
1.411520345	4.5061123
5.04169028	-0.103805
-1.014442704	0.6286327
4.956021479	1.9177693
0.553107879	4.6058403
5.134941978	-0.893122
-1.250943844	0.6947408
-0.469224627	-0.54603
4.369699718	3.7739198
1.188249868	4.66264